[gd_scene load_steps=10 format=2]

[ext_resource path="res://resources/tree_blocks_dark.tscn" type="PackedScene" id=1]
[ext_resource path="res://addons/zylann.scatter/scatter3d.gd" type="Script" id=2]
[ext_resource path="res://scenes/the_park/mat_ground.tres" type="Material" id=3]
[ext_resource path="res://resources/cliff_large_stone.tscn" type="PackedScene" id=4]
[ext_resource path="res://scenes/the_park/MainGround.tscn" type="PackedScene" id=5]
[ext_resource path="res://resources/grass_large.tscn" type="PackedScene" id=6]

[sub_resource type="BoxShape" id=1]
extents = Vector3( 100, 0.1, 100 )

[sub_resource type="CubeMesh" id=2]
size = Vector3( 200, 0.2, 200 )

[sub_resource type="BoxShape" id=3]
extents = Vector3( 111.902, 10, 1 )

[node name="ground" type="Spatial"]

[node name="Scatter3D" type="Spatial" parent="."]
script = ExtResource( 2 )
_scenes = [ ExtResource( 1 ), ExtResource( 6 ) ]

[node name="grass_large" parent="Scatter3D" instance=ExtResource( 6 )]
transform = Transform( 0.576524, 0, -0.81708, 0, 1, 0, 0.81708, 0, 0.576524, -76.3582, 0.0999985, 74.7886 )

[node name="grass_large2" parent="Scatter3D" instance=ExtResource( 6 )]
transform = Transform( 0.973388, 0, -0.229162, 0, 1, 0, 0.229162, 0, 0.973388, -77.4014, 0.100182, 76.0681 )

[node name="grass_large3" parent="Scatter3D" instance=ExtResource( 6 )]
transform = Transform( 0.35508, 0, -0.934836, 0, 1, 0, 0.934836, 0, 0.35508, -79.4772, 0.100014, 80.728 )

[node name="grass_large4" parent="Scatter3D" instance=ExtResource( 6 )]
transform = Transform( -0.696623, 0, 0.717437, 0, 1, 0, -0.717437, 0, -0.696623, -79.7124, 0.100014, 85.1955 )

[node name="grass_large5" parent="Scatter3D" instance=ExtResource( 6 )]
transform = Transform( -0.217915, 0, -0.975968, 0, 1, 0, 0.975968, 0, -0.217915, -77.3793, 0.100037, 92.4927 )

[node name="grass_large6" parent="Scatter3D" instance=ExtResource( 6 )]
transform = Transform( -0.246905, 0, -0.96904, 0, 1, 0, 0.96904, 0, -0.246905, -74.2653, 0.0999985, 97.4784 )

[node name="grass_large7" parent="Scatter3D" instance=ExtResource( 6 )]
transform = Transform( 0.354503, 0, 0.935055, 0, 1, 0, -0.935055, 0, 0.354503, -65.3351, 0.100014, 102.344 )

[node name="grass_large8" parent="Scatter3D" instance=ExtResource( 6 )]
transform = Transform( -0.874189, 0, 0.485586, 0, 1, 0, -0.485586, 0, -0.874189, -61.3341, 0.0999985, 103.659 )

[node name="grass_large9" parent="Scatter3D" instance=ExtResource( 6 )]
transform = Transform( 0.955613, 0, -0.294625, 0, 1, 0, 0.294625, 0, 0.955613, -56.4997, 0.100021, 103.793 )

[node name="grass_large10" parent="Scatter3D" instance=ExtResource( 6 )]
transform = Transform( 0.606729, 0, 0.794909, 0, 1, 0, -0.794909, 0, 0.606729, -55.7136, 0.103874, 103.689 )

[node name="grass_large11" parent="Scatter3D" instance=ExtResource( 6 )]
transform = Transform( 0.948815, 0, -0.315832, 0, 1, 0, 0.315832, 0, 0.948815, -55.2518, 0.0999908, 103.116 )

[node name="grass_large12" parent="Scatter3D" instance=ExtResource( 6 )]
transform = Transform( -0.712683, 0, -0.701486, 0, 1, 0, 0.701486, 0, -0.712683, -53.6165, 0.100029, 101.111 )

[node name="grass_large13" parent="Scatter3D" instance=ExtResource( 6 )]
transform = Transform( 0.198927, 0, -0.980014, 0, 1, 0, 0.980014, 0, 0.198927, -53.0626, 0.100082, 98.7225 )

[node name="grass_large14" parent="Scatter3D" instance=ExtResource( 6 )]
transform = Transform( -0.25428, 0, -0.967131, 0, 1, 0, 0.967131, 0, -0.25428, -53.9843, 0.0999908, 94.6477 )

[node name="grass_large15" parent="Scatter3D" instance=ExtResource( 6 )]
transform = Transform( -0.396872, 0, -0.917874, 0, 1, 0, 0.917874, 0, -0.396872, -55.8052, 0.100067, 92.4533 )

[node name="grass_large16" parent="Scatter3D" instance=ExtResource( 6 )]
transform = Transform( 0.916823, 0, -0.399293, 0, 1, 0, 0.399293, 0, 0.916823, -57.5761, 0.100006, 91.0228 )

[node name="grass_large17" parent="Scatter3D" instance=ExtResource( 6 )]
transform = Transform( -0.375345, 0, -0.926885, 0, 1, 0, 0.926885, 0, -0.375345, -59.86, 0.0999985, 90.1661 )

[node name="grass_large18" parent="Scatter3D" instance=ExtResource( 6 )]
transform = Transform( -0.58137, 0, 0.813639, 0, 1, 0, -0.813639, 0, -0.58137, -61.0149, 0.100098, 89.7329 )

[node name="grass_large19" parent="Scatter3D" instance=ExtResource( 6 )]
transform = Transform( -0.749805, 0, -0.661659, 0, 1, 0, 0.661659, 0, -0.749805, -62.4235, 0.100159, 89.5965 )

[node name="grass_large20" parent="Scatter3D" instance=ExtResource( 6 )]
transform = Transform( -0.270659, 0, -0.962675, 0, 1, 0, 0.962675, 0, -0.270659, -63.5001, 0.0999908, 89.9791 )

[node name="grass_large21" parent="Scatter3D" instance=ExtResource( 6 )]
transform = Transform( -0.89504, 0, 0.445985, 0, 1, 0, -0.445985, 0, -0.89504, -65.4625, 0.100006, 92.3852 )

[node name="grass_large22" parent="Scatter3D" instance=ExtResource( 6 )]
transform = Transform( 0.0272369, 0, -0.999629, 0, 1, 0, 0.999629, 0, 0.0272369, -67.6702, 0.100006, 95.092 )

[node name="grass_large23" parent="Scatter3D" instance=ExtResource( 6 )]
transform = Transform( 0.00359554, 0, -0.999994, 0, 1, 0, 0.999994, 0, 0.00359554, -68.3317, 0.100067, 98.704 )

[node name="grass_large24" parent="Scatter3D" instance=ExtResource( 6 )]
transform = Transform( -0.957122, 0, 0.289684, 0, 1, 0, -0.289684, 0, -0.957122, -69.3612, 0.10157, 103.654 )

[node name="grass_large25" parent="Scatter3D" instance=ExtResource( 6 )]
transform = Transform( 0.0381815, 0, -0.999271, 0, 1, 0, 0.999271, 0, 0.0381815, -69.7391, 0.100441, 105.027 )

[node name="grass_large26" parent="Scatter3D" instance=ExtResource( 6 )]
transform = Transform( 0.0274377, 0, 0.999624, 0, 1, 0, -0.999624, 0, 0.0274377, -69.2847, 0.0999985, 106.284 )

[node name="grass_large27" parent="Scatter3D" instance=ExtResource( 6 )]
transform = Transform( -0.694933, 0, -0.719075, 0, 1, 0, 0.719075, 0, -0.694933, -67.5315, 0.100067, 106.831 )

[node name="grass_large28" parent="Scatter3D" instance=ExtResource( 6 )]
transform = Transform( -0.229284, 0, 0.97336, 0, 1, 0, -0.97336, 0, -0.229284, -66.2739, 0.100151, 107.955 )

[node name="grass_large29" parent="Scatter3D" instance=ExtResource( 6 )]
transform = Transform( 0.755976, 0, -0.654599, 0, 1, 0, 0.654599, 0, 0.755976, -61.0039, 0.10009, 111.019 )

[node name="grass_large30" parent="Scatter3D" instance=ExtResource( 6 )]
transform = Transform( -0.829982, 0, -0.55779, 0, 1, 0, 0.55779, 0, -0.829982, -54.7242, 0.100014, 113.283 )

[node name="grass_large31" parent="Scatter3D" instance=ExtResource( 6 )]
transform = Transform( 0.218017, 0, -0.975945, 0, 1, 0, 0.975945, 0, 0.218017, -44.4688, 0.100517, 116.396 )

[node name="grass_large32" parent="Scatter3D" instance=ExtResource( 6 )]
transform = Transform( 0.984135, 0, -0.177423, 0, 1, 0, 0.177423, 0, 0.984135, -37.0984, 0.100044, 116.987 )

[node name="grass_large33" parent="Scatter3D" instance=ExtResource( 6 )]
transform = Transform( 0.533931, 0, 0.845528, 0, 1, 0, -0.845528, 0, 0.533931, -23.9957, 0.100121, 115.611 )

[node name="grass_large34" parent="Scatter3D" instance=ExtResource( 6 )]
transform = Transform( -0.290198, 0, 0.956967, 0, 1, 0, -0.956967, 0, -0.290198, -16.6594, 0.100128, 112.608 )

[node name="grass_large35" parent="Scatter3D" instance=ExtResource( 6 )]
transform = Transform( 0.703917, 0, 0.710283, 0, 1, 0, -0.710283, 0, 0.703917, -11.9483, 0.100052, 108.791 )

[node name="grass_large36" parent="Scatter3D" instance=ExtResource( 6 )]
transform = Transform( -0.907751, 0, 0.419509, 0, 1, 0, -0.419509, 0, -0.907751, -7.43241, 0.100021, 101.295 )

[node name="grass_large37" parent="Scatter3D" instance=ExtResource( 6 )]
transform = Transform( 0.937808, 0, -0.347155, 0, 1, 0, 0.347155, 0, 0.937808, -7.34173, 0.100113, 94.5154 )

[node name="grass_large38" parent="Scatter3D" instance=ExtResource( 6 )]
transform = Transform( 0.68125, 0, -0.732051, 0, 1, 0, 0.732051, 0, 0.68125, -10.1819, 0.0999985, 86.1467 )

[node name="grass_large39" parent="Scatter3D" instance=ExtResource( 6 )]
transform = Transform( -0.206586, 0, -0.978428, 0, 1, 0, 0.978428, 0, -0.206586, -13.8421, 0.100014, 82.5983 )

[node name="grass_large40" parent="Scatter3D" instance=ExtResource( 6 )]
transform = Transform( 0.704885, 0, 0.709322, 0, 1, 0, -0.709322, 0, 0.704885, -18.5333, 0.100006, 80.0053 )

[node name="grass_large41" parent="Scatter3D" instance=ExtResource( 6 )]
transform = Transform( -0.839422, 0, -0.543481, 0, 1, 0, 0.543481, 0, -0.839422, -25.951, 0.100006, 78.815 )

[node name="grass_large42" parent="Scatter3D" instance=ExtResource( 6 )]
transform = Transform( -0.711463, 0, -0.702724, 0, 1, 0, 0.702724, 0, -0.711463, -28.3109, 0.0999985, 79.2668 )

[node name="grass_large43" parent="Scatter3D" instance=ExtResource( 6 )]
transform = Transform( -0.875776, 0, -0.482718, 0, 1, 0, 0.482718, 0, -0.875776, -31.124, 0.100029, 81.0735 )

[node name="grass_large44" parent="Scatter3D" instance=ExtResource( 6 )]
transform = Transform( 0.805284, 0, 0.59289, 0, 1, 0, -0.59289, 0, 0.805284, -33.1924, 0.100044, 83.6095 )

[node name="grass_large45" parent="Scatter3D" instance=ExtResource( 6 )]
transform = Transform( 0.853025, 0, -0.52187, 0, 1, 0, 0.52187, 0, 0.853025, -31.7388, 0.100021, 89.1266 )

[node name="grass_large46" parent="Scatter3D" instance=ExtResource( 6 )]
transform = Transform( -0.515908, 0, 0.856644, 0, 1, 0, -0.856644, 0, -0.515908, -25.0335, 0.100029, 102.194 )

[node name="grass_large47" parent="Scatter3D" instance=ExtResource( 6 )]
transform = Transform( -0.835296, 0, -0.549801, 0, 1, 0, 0.549801, 0, -0.835296, -20.2387, 0.100182, 111.679 )

[node name="grass_large48" parent="Scatter3D" instance=ExtResource( 6 )]
transform = Transform( -0.115161, 0, 0.993347, 0, 1, 0, -0.993347, 0, -0.115161, -12.7698, 0.100006, 119.935 )

[node name="grass_large49" parent="Scatter3D" instance=ExtResource( 6 )]
transform = Transform( 0.854964, 0, -0.518687, 0, 1, 0, 0.518687, 0, 0.854964, -8.28851, 0.100174, 122.312 )

[node name="grass_large50" parent="Scatter3D" instance=ExtResource( 6 )]
transform = Transform( -0.941167, 0, -0.337941, 0, 1, 0, 0.337941, 0, -0.941167, -2.83502, 0.100067, 123.189 )

[node name="grass_large51" parent="Scatter3D" instance=ExtResource( 6 )]
transform = Transform( -0.985507, 0, 0.169636, 0, 1, 0, -0.169636, 0, -0.985507, 1.20312, 0.101929, 122.75 )

[node name="grass_large52" parent="Scatter3D" instance=ExtResource( 6 )]
transform = Transform( -0.831768, 0, -0.555123, 0, 1, 0, 0.555123, 0, -0.831768, 5.41127, 0.100739, 120.354 )

[node name="grass_large53" parent="Scatter3D" instance=ExtResource( 6 )]
transform = Transform( 0.509602, 0, -0.86041, 0, 1, 0, 0.86041, 0, 0.509602, 11.9789, 0.100266, 115.025 )

[node name="grass_large54" parent="Scatter3D" instance=ExtResource( 6 )]
transform = Transform( 0.954812, 0, 0.297212, 0, 1, 0, -0.297212, 0, 0.954812, 16.5471, 0.100258, 110.503 )

[node name="grass_large55" parent="Scatter3D" instance=ExtResource( 6 )]
transform = Transform( 0.670488, 0, -0.74192, 0, 1, 0, 0.74192, 0, 0.670488, 20.3249, 0.100044, 100.967 )

[node name="grass_large56" parent="Scatter3D" instance=ExtResource( 6 )]
transform = Transform( 0.801721, 0, -0.597699, 0, 1, 0, 0.597699, 0, 0.801721, 20.4824, 0.100037, 96.8682 )

[node name="grass_large57" parent="Scatter3D" instance=ExtResource( 6 )]
transform = Transform( 0.548397, 0, 0.836218, 0, 1, 0, -0.836218, 0, 0.548397, 19.155, 0.100006, 93.9314 )

[node name="grass_large58" parent="Scatter3D" instance=ExtResource( 6 )]
transform = Transform( -0.00908164, 0, -0.999959, 0, 1, 0, 0.999959, 0, -0.00908164, 16.6723, 0.100037, 91.7072 )

[node name="grass_large59" parent="Scatter3D" instance=ExtResource( 6 )]
transform = Transform( 0.849706, 0, -0.527256, 0, 1, 0, 0.527256, 0, 0.849706, 16.3271, 0.100006, 91.5361 )

[node name="grass_large60" parent="Scatter3D" instance=ExtResource( 6 )]
transform = Transform( 0.989044, 0, -0.147623, 0, 1, 0, 0.147623, 0, 0.989044, 14.9173, 0.10006, 93.8591 )

[node name="grass_large61" parent="Scatter3D" instance=ExtResource( 6 )]
transform = Transform( 0.989304, 0, -0.145871, 0, 1, 0, 0.145871, 0, 0.989304, 15.9901, 0.100266, 98.9635 )

[node name="grass_large62" parent="Scatter3D" instance=ExtResource( 6 )]
transform = Transform( 0.374377, 0, -0.927276, 0, 1, 0, 0.927276, 0, 0.374377, 17.6986, 0.100174, 106.382 )

[node name="grass_large63" parent="Scatter3D" instance=ExtResource( 6 )]
transform = Transform( 0.148695, 0, 0.988883, 0, 1, 0, -0.988883, 0, 0.148695, 22.1872, 0.101044, 116.058 )

[node name="grass_large64" parent="Scatter3D" instance=ExtResource( 6 )]
transform = Transform( 0.991321, 0, 0.131466, 0, 1, 0, -0.131466, 0, 0.991321, 25.8682, 0.102859, 120.36 )

[node name="grass_large65" parent="Scatter3D" instance=ExtResource( 6 )]
transform = Transform( 0.142939, 0, -0.989731, 0, 1, 0, 0.989731, 0, 0.142939, 31.0788, 0.104866, 122.36 )

[node name="grass_large66" parent="Scatter3D" instance=ExtResource( 6 )]
transform = Transform( -0.210279, 0, -0.977641, 0, 1, 0, 0.977641, 0, -0.210279, 35.211, 0.101479, 121.779 )

[node name="grass_large67" parent="Scatter3D" instance=ExtResource( 6 )]
transform = Transform( -0.363332, 0, -0.93166, 0, 1, 0, 0.93166, 0, -0.363332, 39.2751, 0.100006, 119.867 )

[node name="grass_large68" parent="Scatter3D" instance=ExtResource( 6 )]
transform = Transform( 0.922372, 0, 0.386303, 0, 1, 0, -0.386303, 0, 0.922372, 49.8895, 0.101059, 112.411 )

[node name="grass_large69" parent="Scatter3D" instance=ExtResource( 6 )]
transform = Transform( 0.715751, 0, -0.698355, 0, 1, 0, 0.698355, 0, 0.715751, 56.4394, 0.100571, 105.218 )

[node name="grass_large70" parent="Scatter3D" instance=ExtResource( 6 )]
transform = Transform( 0.99772, 0, 0.0674865, 0, 1, 0, -0.0674865, 0, 0.99772, 63.8732, 0.100517, 94.4221 )

[node name="grass_large71" parent="Scatter3D" instance=ExtResource( 6 )]
transform = Transform( 0.166436, 0, -0.986052, 0, 1, 0, 0.986052, 0, 0.166436, 65.4423, 0.100006, 88.6508 )

[node name="grass_large72" parent="Scatter3D" instance=ExtResource( 6 )]
transform = Transform( -0.959817, 0, 0.280627, 0, 1, 0, -0.280627, 0, -0.959817, 64.6905, 0.0999985, 85.6338 )

[node name="grass_large73" parent="Scatter3D" instance=ExtResource( 6 )]
transform = Transform( 0.840127, 0, 0.54239, 0, 1, 0, -0.54239, 0, 0.840127, 63.9849, 0.100021, 85.1651 )

[node name="grass_large74" parent="Scatter3D" instance=ExtResource( 6 )]
transform = Transform( -0.833534, 0, 0.552468, 0, 1, 0, -0.552468, 0, -0.833534, 63.7484, 0.100067, 85.008 )

[node name="grass_large76" parent="Scatter3D" instance=ExtResource( 6 )]
transform = Transform( 0.395606, 0, 0.91842, 0, 1, 0, -0.91842, 0, 0.395606, 62.7323, 0.0999985, 86.2539 )

[node name="grass_large77" parent="Scatter3D" instance=ExtResource( 6 )]
transform = Transform( 0.999768, 0, -0.0215244, 0, 1, 0, 0.0215244, 0, 0.999768, 63.5445, 0.100121, 90.5446 )

[node name="grass_large78" parent="Scatter3D" instance=ExtResource( 6 )]
transform = Transform( -0.864457, 0, -0.502706, 0, 1, 0, 0.502706, 0, -0.864457, 64.9422, 0.0999985, 96.8699 )

[node name="grass_large79" parent="Scatter3D" instance=ExtResource( 6 )]
transform = Transform( -0.975468, 0, -0.220141, 0, 1, 0, 0.220141, 0, -0.975468, 66.4931, 0.101875, 103.021 )

[node name="grass_large80" parent="Scatter3D" instance=ExtResource( 6 )]
transform = Transform( -0.520083, 0, 0.854116, 0, 1, 0, -0.854116, 0, -0.520083, 69.7659, 0.103668, 112.535 )

[node name="grass_large81" parent="Scatter3D" instance=ExtResource( 6 )]
transform = Transform( 0.967161, 0, 0.254164, 0, 1, 0, -0.254164, 0, 0.967161, 71.991, 0.100044, 115.797 )

[node name="grass_large82" parent="Scatter3D" instance=ExtResource( 6 )]
transform = Transform( 0.919475, 0, 0.393148, 0, 1, 0, -0.393148, 0, 0.919475, 74.1922, 0.100159, 117.187 )

[node name="grass_large83" parent="Scatter3D" instance=ExtResource( 6 )]
transform = Transform( -0.564629, 0, 0.825345, 0, 1, 0, -0.825345, 0, -0.564629, 76.2173, 0.100197, 116.706 )

[node name="grass_large84" parent="Scatter3D" instance=ExtResource( 6 )]
transform = Transform( 0.159396, 0, -0.987215, 0, 1, 0, 0.987215, 0, 0.159396, 82.2327, 0.100403, 112.283 )

[node name="grass_large85" parent="Scatter3D" instance=ExtResource( 6 )]
transform = Transform( -0.878032, 0, 0.478601, 0, 1, 0, -0.478601, 0, -0.878032, 88.2656, 0.100952, 106.179 )

[node name="grass_large86" parent="Scatter3D" instance=ExtResource( 6 )]
transform = Transform( 0.955906, 0, -0.293674, 0, 1, 0, 0.293674, 0, 0.955906, 95.2027, 0.106804, 98.3172 )

[node name="grass_large87" parent="Scatter3D" instance=ExtResource( 6 )]
transform = Transform( 0.891703, 0, 0.452621, 0, 1, 0, -0.452621, 0, 0.891703, 103.701, 0.100029, 85.31 )

[node name="grass_large88" parent="Scatter3D" instance=ExtResource( 6 )]
transform = Transform( 0.975092, 0, 0.221801, 0, 1, 0, -0.221801, 0, 0.975092, 108.549, 0.100029, 76.0666 )

[node name="grass_large89" parent="Scatter3D" instance=ExtResource( 6 )]
transform = Transform( -0.206722, 0, -0.9784, 0, 1, 0, 0.9784, 0, -0.206722, 110.65, 0.100517, 66.3099 )

[node name="grass_large90" parent="Scatter3D" instance=ExtResource( 6 )]
transform = Transform( 0.786039, 0, 0.618177, 0, 1, 0, -0.618177, 0, 0.786039, 110.155, 0.100021, 63.73 )

[node name="grass_large91" parent="Scatter3D" instance=ExtResource( 6 )]
transform = Transform( 0.262121, 0, 0.965035, 0, 1, 0, -0.965035, 0, 0.262121, 109.043, 0.100052, 62.2024 )

[node name="grass_large92" parent="Scatter3D" instance=ExtResource( 6 )]
transform = Transform( 0.997895, 0, -0.0648488, 0, 1, 0, 0.0648488, 0, 0.997895, 108.095, 0.100098, 61.8985 )

[node name="grass_large93" parent="Scatter3D" instance=ExtResource( 6 )]
transform = Transform( 0.617996, 0, 0.786182, 0, 1, 0, -0.786182, 0, 0.617996, 107.626, 0.0999985, 62.1049 )

[node name="grass_large94" parent="Scatter3D" instance=ExtResource( 6 )]
transform = Transform( -0.999343, 0, -0.0362552, 0, 1, 0, 0.0362552, 0, -0.999343, 107.02, 0.100632, 63.2173 )

[node name="grass_large95" parent="Scatter3D" instance=ExtResource( 6 )]
transform = Transform( 0.820294, 0, 0.571942, 0, 1, 0, -0.571942, 0, 0.820294, 106.168, 0.100571, 66.8182 )

[node name="grass_large96" parent="Scatter3D" instance=ExtResource( 6 )]
transform = Transform( -0.595532, 0, -0.803331, 0, 1, 0, 0.803331, 0, -0.595532, 104.759, 0.100044, 76.6528 )

[node name="grass_large97" parent="Scatter3D" instance=ExtResource( 6 )]
transform = Transform( 0.224682, 0, 0.974432, 0, 1, 0, -0.974432, 0, 0.224682, 103.556, 0.100006, 85.4872 )

[node name="grass_large98" parent="Scatter3D" instance=ExtResource( 6 )]
transform = Transform( -0.314478, 0, -0.949265, 0, 1, 0, 0.949265, 0, -0.314478, 102.371, 0.100029, 93.0062 )

[node name="grass_large99" parent="Scatter3D" instance=ExtResource( 6 )]
transform = Transform( 0.927054, 0, -0.374927, 0, 1, 0, 0.374927, 0, 0.927054, 102.722, 0.0999908, 97.49 )

[node name="grass_large100" parent="Scatter3D" instance=ExtResource( 6 )]
transform = Transform( 0.889421, 0, -0.45709, 0, 1, 0, 0.45709, 0, 0.889421, 103, 0.10392, 97.1492 )

[node name="grass_large101" parent="Scatter3D" instance=ExtResource( 6 )]
transform = Transform( -0.520026, 0, 0.85415, 0, 1, 0, -0.85415, 0, -0.520026, 104.101, 0.102814, 95.4971 )

[node name="grass_large102" parent="Scatter3D" instance=ExtResource( 6 )]
transform = Transform( 0.999964, 0, 0.00850215, 0, 1, 0, -0.00850215, 0, 0.999964, 106.107, 0.101166, 90.2893 )

[node name="grass_large103" parent="Scatter3D" instance=ExtResource( 6 )]
transform = Transform( 0.271507, 0, 0.962436, 0, 1, 0, -0.962436, 0, 0.271507, 108.806, 0.100708, 81.3159 )

[node name="grass_large104" parent="Scatter3D" instance=ExtResource( 6 )]
transform = Transform( 0.90471, 0, 0.426028, 0, 1, 0, -0.426028, 0, 0.90471, 109.55, 0.0999908, 73.4983 )

[node name="grass_large105" parent="Scatter3D" instance=ExtResource( 6 )]
transform = Transform( -0.937513, 0, -0.347951, 0, 1, 0, 0.347951, 0, -0.937513, 109.514, 0.10038, 62.3534 )

[node name="grass_large106" parent="Scatter3D" instance=ExtResource( 6 )]
transform = Transform( 0.804099, 0, 0.594496, 0, 1, 0, -0.594496, 0, 0.804099, 108.903, 0.100014, 54.5157 )

[node name="grass_large107" parent="Scatter3D" instance=ExtResource( 6 )]
transform = Transform( 0.174157, 0, 0.984718, 0, 1, 0, -0.984718, 0, 0.174157, 107.824, 0.100029, 41.3774 )

[node name="grass_large108" parent="Scatter3D" instance=ExtResource( 6 )]
transform = Transform( -0.532476, 0, -0.846445, 0, 1, 0, 0.846445, 0, -0.532476, 105.555, 0.100082, 32.8514 )

[node name="grass_large109" parent="Scatter3D" instance=ExtResource( 6 )]
transform = Transform( 0.946812, 0, 0.321787, 0, 1, 0, -0.321787, 0, 0.946812, 103.171, 0.101593, 25.0996 )

[node name="grass_large110" parent="Scatter3D" instance=ExtResource( 6 )]
transform = Transform( -0.541148, 0, 0.840928, 0, 1, 0, -0.840928, 0, -0.541148, 97.9581, 0.100075, 17.0272 )

[node name="grass_large111" parent="Scatter3D" instance=ExtResource( 6 )]
transform = Transform( 0.484277, 0, 0.874915, 0, 1, 0, -0.874915, 0, 0.484277, 95.0987, 0.10025, 14.7281 )

[node name="grass_large112" parent="Scatter3D" instance=ExtResource( 6 )]
transform = Transform( -0.569746, 0, 0.821821, 0, 1, 0, -0.821821, 0, -0.569746, 87.8446, 0.100487, 15.4004 )

[node name="grass_large113" parent="Scatter3D" instance=ExtResource( 6 )]
transform = Transform( -0.721718, 0, -0.692187, 0, 1, 0, 0.692187, 0, -0.721718, 85.6744, 0.100227, 16.9369 )

[node name="grass_large114" parent="Scatter3D" instance=ExtResource( 6 )]
transform = Transform( -0.366857, 0, -0.930277, 0, 1, 0, 0.930277, 0, -0.366857, 84.9581, 0.0999985, 18.3778 )

[node name="grass_large115" parent="Scatter3D" instance=ExtResource( 6 )]
transform = Transform( -0.621065, 0, 0.783759, 0, 1, 0, -0.783759, 0, -0.621065, 86.0141, 0.100868, 20.9775 )

[node name="grass_large116" parent="Scatter3D" instance=ExtResource( 6 )]
transform = Transform( -0.415652, 0, 0.909524, 0, 1, 0, -0.909524, 0, -0.415652, 86.5132, 0.100128, 22.0091 )

[node name="grass_large117" parent="Scatter3D" instance=ExtResource( 6 )]
transform = Transform( -0.889737, 0, -0.456473, 0, 1, 0, 0.456473, 0, -0.889737, 87.8694, 0.0999985, 23.5916 )

[node name="grass_large118" parent="Scatter3D" instance=ExtResource( 6 )]
transform = Transform( -0.490242, 0, -0.871586, 0, 1, 0, 0.871586, 0, -0.490242, 88.9449, 0.100594, 24.4058 )

[node name="grass_large119" parent="Scatter3D" instance=ExtResource( 6 )]
transform = Transform( 0.515618, 0, -0.856819, 0, 1, 0, 0.856819, 0, 0.515618, 90.3397, 0.100479, 24.2787 )

[node name="grass_large120" parent="Scatter3D" instance=ExtResource( 6 )]
transform = Transform( -0.898794, 0, 0.438371, 0, 1, 0, -0.438371, 0, -0.898794, 93.9148, 0.100105, 21.4644 )

[node name="grass_large121" parent="Scatter3D" instance=ExtResource( 6 )]
transform = Transform( -0.997282, 0, -0.0736807, 0, 1, 0, 0.0736807, 0, -0.997282, 97.9344, 0.10051, 16.5363 )

[node name="grass_large122" parent="Scatter3D" instance=ExtResource( 6 )]
transform = Transform( 0.952855, 0, -0.303425, 0, 1, 0, 0.303425, 0, 0.952855, 103.514, 0.100128, 0.618332 )

[node name="grass_large123" parent="Scatter3D" instance=ExtResource( 6 )]
transform = Transform( -0.793787, 0, 0.608196, 0, 1, 0, -0.608196, 0, -0.793787, 105.511, 0.100067, -12.5269 )

[node name="grass_large124" parent="Scatter3D" instance=ExtResource( 6 )]
transform = Transform( 0.824922, 0, 0.565247, 0, 1, 0, -0.565247, 0, 0.824922, 105.851, 0.0999985, -33.0596 )

[node name="grass_large125" parent="Scatter3D" instance=ExtResource( 6 )]
transform = Transform( 0.547081, 0, 0.83708, 0, 1, 0, -0.83708, 0, 0.547081, 104.033, 0.100052, -46.8391 )

[node name="grass_large126" parent="Scatter3D" instance=ExtResource( 6 )]
transform = Transform( -0.85532, 0, -0.518101, 0, 1, 0, 0.518101, 0, -0.85532, 100.575, 0.100029, -58.4336 )

[node name="grass_large127" parent="Scatter3D" instance=ExtResource( 6 )]
transform = Transform( -0.577547, 0, -0.816358, 0, 1, 0, 0.816358, 0, -0.577547, 96.6827, 0.0999908, -69.1296 )

[node name="grass_large128" parent="Scatter3D" instance=ExtResource( 6 )]
transform = Transform( -0.0823369, 0, -0.996605, 0, 1, 0, 0.996605, 0, -0.0823369, 94.0541, 0.100044, -74.0609 )

[node name="grass_large129" parent="Scatter3D" instance=ExtResource( 6 )]
transform = Transform( 0.743706, 0, -0.668507, 0, 1, 0, 0.668507, 0, 0.743706, 91.9644, 0.0999985, -76.5346 )

[node name="grass_large130" parent="Scatter3D" instance=ExtResource( 6 )]
transform = Transform( -0.978918, 0, 0.204254, 0, 1, 0, -0.204254, 0, -0.978918, 90.9456, 0.100037, -76.9886 )

[node name="grass_large131" parent="Scatter3D" instance=ExtResource( 6 )]
transform = Transform( 0.91661, 0, 0.399783, 0, 1, 0, -0.399783, 0, 0.91661, 90.7116, 0.10025, -76.7014 )

[node name="grass_large132" parent="Scatter3D" instance=ExtResource( 6 )]
transform = Transform( -0.987322, 0, 0.158729, 0, 1, 0, -0.158729, 0, -0.987322, 88.3711, 0.0999985, -73.8322 )

[node name="grass_large133" parent="Scatter3D" instance=ExtResource( 6 )]
transform = Transform( -0.0798213, 0, 0.996809, 0, 1, 0, -0.996809, 0, -0.0798213, 87.8747, 0.100037, -65.6557 )

[node name="grass_large134" parent="Scatter3D" instance=ExtResource( 6 )]
transform = Transform( 0.796981, 0, 0.604004, 0, 1, 0, -0.604004, 0, 0.796981, 88.7575, 0.0999908, -51.5432 )

[node name="grass_large135" parent="Scatter3D" instance=ExtResource( 6 )]
transform = Transform( 0.944933, 0, -0.327265, 0, 1, 0, 0.327265, 0, 0.944933, 90.458, 0.100563, -43.0609 )

[node name="grass_large136" parent="Scatter3D" instance=ExtResource( 6 )]
transform = Transform( 0.530553, 0, -0.847652, 0, 1, 0, 0.847652, 0, 0.530553, 93.0329, 0.10006, -38.2638 )

[node name="grass_large137" parent="Scatter3D" instance=ExtResource( 6 )]
transform = Transform( -0.582925, 0, -0.812526, 0, 1, 0, 0.812526, 0, -0.582925, 93.9888, 0.0999985, -37.3171 )

[node name="grass_large138" parent="Scatter3D" instance=ExtResource( 6 )]
transform = Transform( 0.0711493, 0, 0.997466, 0, 1, 0, -0.997466, 0, 0.0711493, 95.0822, 0.0999985, -37.9561 )

[node name="grass_large139" parent="Scatter3D" instance=ExtResource( 6 )]
transform = Transform( -0.887913, 0, 0.460012, 0, 1, 0, -0.460012, 0, -0.887913, 98.0483, 0.0999985, -41.5927 )

[node name="grass_large140" parent="Scatter3D" instance=ExtResource( 6 )]
transform = Transform( 0.177533, 0, 0.984115, 0, 1, 0, -0.984115, 0, 0.177533, 100.924, 0.10025, -47.9392 )

[node name="grass_large141" parent="Scatter3D" instance=ExtResource( 6 )]
transform = Transform( 0.995471, 0, -0.0950615, 0, 1, 0, 0.0950615, 0, 0.995471, 104.329, 0.100128, -61.5476 )

[node name="grass_large142" parent="Scatter3D" instance=ExtResource( 6 )]
transform = Transform( -0.728793, 0, -0.684734, 0, 1, 0, 0.684734, 0, -0.728793, 104.957, 0.100105, -73.737 )

[node name="grass_large143" parent="Scatter3D" instance=ExtResource( 6 )]
transform = Transform( 0.619435, 0, 0.785048, 0, 1, 0, -0.785048, 0, 0.619435, 102.502, 0.0999985, -87.7633 )

[node name="grass_large144" parent="Scatter3D" instance=ExtResource( 6 )]
transform = Transform( -0.151154, 0, 0.98851, 0, 1, 0, -0.98851, 0, -0.151154, 96.2262, 0.0999985, -104.923 )

[node name="grass_large145" parent="Scatter3D" instance=ExtResource( 6 )]
transform = Transform( -0.599957, 0, -0.800032, 0, 1, 0, 0.800032, 0, -0.599957, 91.6119, 0.12764, -114.65 )

[node name="grass_large146" parent="Scatter3D" instance=ExtResource( 6 )]
transform = Transform( -1, 0, -0.000781925, 0, 1, 0, 0.000781925, 0, -1, 85.3791, 0.101997, -123.512 )

[node name="grass_large148" parent="Scatter3D" instance=ExtResource( 6 )]
transform = Transform( 0.991214, 0, 0.132271, 0, 1, 0, -0.132271, 0, 0.991214, 75.9266, 0.10128, -127.229 )

[node name="grass_large150" parent="Scatter3D" instance=ExtResource( 6 )]
transform = Transform( 0.715922, 0, 0.69818, 0, 1, 0, -0.69818, 0, 0.715922, 65.6835, 0.106041, -118.057 )

[node name="grass_large151" parent="Scatter3D" instance=ExtResource( 6 )]
transform = Transform( -0.755565, 0, -0.655074, 0, 1, 0, 0.655074, 0, -0.755565, 56.2747, 0.100212, -98.6723 )

[node name="grass_large152" parent="Scatter3D" instance=ExtResource( 6 )]
transform = Transform( 0.994587, 0, -0.103907, 0, 1, 0, 0.103907, 0, 0.994587, 54.3065, 0.100037, -81.2051 )

[node name="grass_large153" parent="Scatter3D" instance=ExtResource( 6 )]
transform = Transform( -0.0354308, 0, 0.999372, 0, 1, 0, -0.999372, 0, -0.0354308, 53.0715, 0.0999985, -64.4829 )

[node name="grass_large154" parent="Scatter3D" instance=ExtResource( 6 )]
transform = Transform( 0.092969, 0, 0.995669, 0, 1, 0, -0.995669, 0, 0.092969, 53.7891, 0.100243, -59.5277 )

[node name="grass_large155" parent="Scatter3D" instance=ExtResource( 6 )]
transform = Transform( -0.089992, 0, 0.995942, 0, 1, 0, -0.995942, 0, -0.089992, 53.907, 0.100113, -58.7133 )

[node name="grass_large156" parent="Scatter3D" instance=ExtResource( 6 )]
transform = Transform( -0.316024, 0, -0.948751, 0, 1, 0, 0.948751, 0, -0.316024, 53.7891, 0.100243, -59.5277 )

[node name="grass_large157" parent="Scatter3D" instance=ExtResource( 6 )]
transform = Transform( -0.644557, 0, -0.764557, 0, 1, 0, 0.764557, 0, -0.644557, 51.0665, 0.10006, -67.9985 )

[node name="grass_large158" parent="Scatter3D" instance=ExtResource( 6 )]
transform = Transform( 0.509922, 0, 0.860221, 0, 1, 0, -0.860221, 0, 0.509922, 47.814, 0.100052, -77.4578 )

[node name="grass_large159" parent="Scatter3D" instance=ExtResource( 6 )]
transform = Transform( -0.718503, 0, 0.695524, 0, 1, 0, -0.695524, 0, -0.718503, 41.9388, 0.100044, -94.7184 )

[node name="grass_large160" parent="Scatter3D" instance=ExtResource( 6 )]
transform = Transform( -0.443335, 0, -0.896356, 0, 1, 0, 0.896356, 0, -0.443335, 36.7072, 0.100632, -106.349 )

[node name="grass_large161" parent="Scatter3D" instance=ExtResource( 6 )]
transform = Transform( 0.508411, 0, 0.861114, 0, 1, 0, -0.861114, 0, 0.508411, 30.4362, 0.105965, -116.606 )

[node name="grass_large162" parent="Scatter3D" instance=ExtResource( 6 )]
transform = Transform( -0.886264, 0, 0.46318, 0, 1, 0, -0.46318, 0, -0.886264, 21.3522, 0.121758, -124.57 )

[node name="grass_large165" parent="Scatter3D" instance=ExtResource( 6 )]
transform = Transform( 0.952085, 0, -0.305833, 0, 1, 0, 0.305833, 0, 0.952085, -12.6497, 0.100616, -114.157 )

[node name="grass_large166" parent="Scatter3D" instance=ExtResource( 6 )]
transform = Transform( 0.893655, 0, 0.448754, 0, 1, 0, -0.448754, 0, 0.893655, -17.9941, 0.100769, -102.947 )

[node name="grass_large167" parent="Scatter3D" instance=ExtResource( 6 )]
transform = Transform( 0.944052, 0, 0.329797, 0, 1, 0, -0.329797, 0, 0.944052, -21.1688, 0.100037, -78.2016 )

[node name="grass_large168" parent="Scatter3D" instance=ExtResource( 6 )]
transform = Transform( -0.181215, 0, 0.983444, 0, 1, 0, -0.983444, 0, -0.181215, -21.0342, 0.100052, -68.4524 )

[node name="grass_large169" parent="Scatter3D" instance=ExtResource( 6 )]
transform = Transform( 0.018901, 0, -0.999821, 0, 1, 0, 0.999821, 0, 0.018901, -20.006, 0.100029, -58.7739 )

[node name="grass_large170" parent="Scatter3D" instance=ExtResource( 6 )]
transform = Transform( -0.793222, 0, 0.608933, 0, 1, 0, -0.608933, 0, -0.793222, -19.6972, 0.10006, -57.8133 )

[node name="grass_large171" parent="Scatter3D" instance=ExtResource( 6 )]
transform = Transform( 0.358196, 0, -0.933646, 0, 1, 0, 0.933646, 0, 0.358196, -19.0979, 0.100014, -57.2151 )

[node name="grass_large172" parent="Scatter3D" instance=ExtResource( 6 )]
transform = Transform( 0.0613936, 0, -0.998114, 0, 1, 0, 0.998114, 0, 0.0613936, -20.6812, 0.100052, -64.7353 )

[node name="grass_large173" parent="Scatter3D" instance=ExtResource( 6 )]
transform = Transform( 0.717423, 0, -0.696638, 0, 1, 0, 0.696638, 0, 0.717423, -25.8171, 0.100014, -76.8532 )

[node name="grass_large174" parent="Scatter3D" instance=ExtResource( 6 )]
transform = Transform( -0.0384096, 0, -0.999262, 0, 1, 0, 0.999262, 0, -0.0384096, -33.5967, 0.100021, -90.0442 )

[node name="grass_large175" parent="Scatter3D" instance=ExtResource( 6 )]
transform = Transform( 0.999999, 0, -0.00138441, 0, 1, 0, 0.00138441, 0, 0.999999, -47.1254, 0.100403, -108.287 )

[node name="grass_large176" parent="Scatter3D" instance=ExtResource( 6 )]
transform = Transform( 0.913866, 0, 0.406017, 0, 1, 0, -0.406017, 0, 0.913866, -53.2235, 0.100815, -113.289 )

[node name="grass_large177" parent="Scatter3D" instance=ExtResource( 6 )]
transform = Transform( -0.36421, 0, 0.931317, 0, 1, 0, -0.931317, 0, -0.36421, -63.3015, 0.104233, -117.671 )

[node name="grass_large178" parent="Scatter3D" instance=ExtResource( 6 )]
transform = Transform( -0.0994308, 0, 0.995044, 0, 1, 0, -0.995044, 0, -0.0994308, -70.3829, 0.103271, -118.66 )

[node name="grass_large179" parent="Scatter3D" instance=ExtResource( 6 )]
transform = Transform( 0.120491, 0, 0.992714, 0, 1, 0, -0.992714, 0, 0.120491, -79.8063, 0.100365, -113.048 )

[node name="grass_large180" parent="Scatter3D" instance=ExtResource( 6 )]
transform = Transform( 0.86179, 0, -0.507265, 0, 1, 0, 0.507265, 0, 0.86179, -94.6632, 0.100029, -102.899 )

[node name="grass_large181" parent="Scatter3D" instance=ExtResource( 6 )]
transform = Transform( 0.882749, 0, 0.469844, 0, 1, 0, -0.469844, 0, 0.882749, -102.255, 0.0999908, -93.5911 )

[node name="grass_large182" parent="Scatter3D" instance=ExtResource( 6 )]
transform = Transform( 0.40539, 0, -0.914144, 0, 1, 0, 0.914144, 0, 0.40539, -104.153, 0.105133, -75.2937 )

[node name="grass_large183" parent="Scatter3D" instance=ExtResource( 6 )]
transform = Transform( 0.480623, 0, 0.876927, 0, 1, 0, -0.876927, 0, 0.480623, -102.667, 0.101181, -65.6227 )

[node name="grass_large184" parent="Scatter3D" instance=ExtResource( 6 )]
transform = Transform( -0.672028, 0, -0.740525, 0, 1, 0, 0.740525, 0, -0.672028, -100.09, 0.0999985, -59.4814 )

[node name="grass_large185" parent="Scatter3D" instance=ExtResource( 6 )]
transform = Transform( 0.288511, 0, -0.957477, 0, 1, 0, 0.957477, 0, 0.288511, -95.8874, 0.0999985, -55.5764 )

[node name="grass_large186" parent="Scatter3D" instance=ExtResource( 6 )]
transform = Transform( -0.865686, 0, -0.500588, 0, 1, 0, 0.500588, 0, -0.865686, -94.9927, 0.100014, -54.8906 )

[node name="grass_large187" parent="Scatter3D" instance=ExtResource( 6 )]
transform = Transform( 0.94488, 0, 0.327418, 0, 1, 0, -0.327418, 0, 0.94488, -93.98, 0.100014, -56.1322 )

[node name="grass_large188" parent="Scatter3D" instance=ExtResource( 6 )]
transform = Transform( 0.967481, 0, -0.252945, 0, 1, 0, 0.252945, 0, 0.967481, -94.2886, 0.100014, -61.131 )

[node name="grass_large189" parent="Scatter3D" instance=ExtResource( 6 )]
transform = Transform( 0.273772, 0, 0.961794, 0, 1, 0, -0.961794, 0, 0.273772, -102.041, 0.0999908, -77.9014 )

[node name="grass_large190" parent="Scatter3D" instance=ExtResource( 6 )]
transform = Transform( -0.955737, 0, 0.294222, 0, 1, 0, -0.294222, 0, -0.955737, -110.677, 0.100266, -89.4336 )

[node name="grass_large191" parent="Scatter3D" instance=ExtResource( 6 )]
transform = Transform( 0.918197, 0, -0.396125, 0, 1, 0, 0.396125, 0, 0.918197, -123.15, 0.105629, -102.127 )

[node name="grass_large192" parent="Scatter3D" instance=ExtResource( 6 )]
transform = Transform( 0.238874, 0, 0.971051, 0, 1, 0, -0.971051, 0, 0.238874, -127.935, 0.100227, -105.34 )

[node name="grass_large193" parent="Scatter3D" instance=ExtResource( 6 )]
transform = Transform( 0.580299, 0, 0.814403, 0, 1, 0, -0.814403, 0, 0.580299, -129.792, 0.1138, -105.306 )

[node name="grass_large194" parent="Scatter3D" instance=ExtResource( 6 )]
transform = Transform( 0.784604, 0, -0.619998, 0, 1, 0, 0.619998, 0, 0.784604, -131.357, 0.100037, -103.444 )

[node name="grass_large195" parent="Scatter3D" instance=ExtResource( 6 )]
transform = Transform( -0.488061, 0, 0.872809, 0, 1, 0, -0.872809, 0, -0.488061, -135.201, 0.0999985, -98.7311 )

[node name="grass_large196" parent="Scatter3D" instance=ExtResource( 6 )]
transform = Transform( 0.00393576, 0, 0.999992, 0, 1, 0, -0.999992, 0, 0.00393576, -133.136, 0.100014, -76.7144 )

[node name="grass_large197" parent="Scatter3D" instance=ExtResource( 6 )]
transform = Transform( 0.932673, 0, 0.360724, 0, 1, 0, -0.360724, 0, 0.932673, -134.82, 0.10009, -49.6066 )

[node name="grass_large199" parent="Scatter3D" instance=ExtResource( 6 )]
transform = Transform( 0.735881, 0, 0.677111, 0, 1, 0, -0.677111, 0, 0.735881, -135.861, 0.0999985, -1.24465 )

[node name="grass_large204" parent="Scatter3D" instance=ExtResource( 6 )]
transform = Transform( 0.999971, 0, -0.00762174, 0, 1, 0, 0.00762174, 0, 0.999971, -112.668, 0.100304, 35.4222 )

[node name="grass_large205" parent="Scatter3D" instance=ExtResource( 6 )]
transform = Transform( 0.832761, 0, -0.553633, 0, 1, 0, 0.553633, 0, 0.832761, -110.013, 0.100128, 33.5964 )

[node name="grass_large206" parent="Scatter3D" instance=ExtResource( 6 )]
transform = Transform( -0.654603, 0, 0.755972, 0, 1, 0, -0.755972, 0, -0.654603, -108.199, 0.10006, 31.3723 )

[node name="grass_large207" parent="Scatter3D" instance=ExtResource( 6 )]
transform = Transform( 0.389353, 0, 0.921089, 0, 1, 0, -0.921089, 0, 0.389353, -108.347, 0.100449, 22.8729 )

[node name="grass_large208" parent="Scatter3D" instance=ExtResource( 6 )]
transform = Transform( 0.433864, 0, -0.900978, 0, 1, 0, 0.900978, 0, 0.433864, -111.499, 0.100098, 8.60001 )

[node name="grass_large209" parent="Scatter3D" instance=ExtResource( 6 )]
transform = Transform( -0.536909, 0, 0.84364, 0, 1, 0, -0.84364, 0, -0.536909, -116.797, 0.10006, -4.15304 )

[node name="grass_large210" parent="Scatter3D" instance=ExtResource( 6 )]
transform = Transform( 0.635204, 0, 0.772344, 0, 1, 0, -0.772344, 0, 0.635204, -124.487, 0.10006, -13.436 )

[node name="grass_large211" parent="Scatter3D" instance=ExtResource( 6 )]
transform = Transform( 0.858403, 0, 0.512976, 0, 1, 0, -0.512976, 0, 0.858403, -127.06, 0.100021, -15.5725 )

[node name="grass_large212" parent="Scatter3D" instance=ExtResource( 6 )]
transform = Transform( -0.766116, 0, 0.642703, 0, 1, 0, -0.642703, 0, -0.766116, -128.04, 0.100006, -16.1539 )

[node name="grass_large214" parent="Scatter3D" instance=ExtResource( 6 )]
transform = Transform( 0.457572, 0, -0.889172, 0, 1, 0, 0.889172, 0, 0.457572, -132.146, 0.100098, -7.56397 )

[node name="grass_large217" parent="Scatter3D" instance=ExtResource( 6 )]
transform = Transform( 0.625378, 0, -0.780322, 0, 1, 0, 0.780322, 0, 0.625378, -105.182, 0.100105, 66.3728 )

[node name="grass_large218" parent="Scatter3D" instance=ExtResource( 6 )]
transform = Transform( 0.751485, 0, -0.659751, 0, 1, 0, 0.659751, 0, 0.751485, -92.9981, 0.136612, 86.6354 )

[node name="grass_large219" parent="Scatter3D" instance=ExtResource( 6 )]
transform = Transform( -0.837226, 0, 0.546857, 0, 1, 0, -0.546857, 0, -0.837226, -78.3643, 0.103508, 99.6109 )

[node name="grass_large220" parent="Scatter3D" instance=ExtResource( 6 )]
transform = Transform( 0.961114, 0, 0.276153, 0, 1, 0, -0.276153, 0, 0.961114, -68.8034, 0.0999985, 105.694 )

[node name="grass_large221" parent="Scatter3D" instance=ExtResource( 6 )]
transform = Transform( -0.306595, 0, -0.95184, 0, 1, 0, 0.95184, 0, -0.306595, -62.8079, 0.100288, 107.214 )

[node name="grass_large222" parent="Scatter3D" instance=ExtResource( 6 )]
transform = Transform( 0.0376982, 0, -0.999289, 0, 1, 0, 0.999289, 0, 0.0376982, -58.138, 0.0999985, 105.802 )

[node name="grass_large223" parent="Scatter3D" instance=ExtResource( 6 )]
transform = Transform( 0.388374, 0, -0.921502, 0, 1, 0, 0.921502, 0, 0.388374, -51.8388, 0.100021, 100.628 )

[node name="grass_large224" parent="Scatter3D" instance=ExtResource( 6 )]
transform = Transform( 0.642294, 0, 0.766459, 0, 1, 0, -0.766459, 0, 0.642294, -43.6922, 0.100075, 90.6401 )

[node name="grass_large225" parent="Scatter3D" instance=ExtResource( 6 )]
transform = Transform( -0.615022, 0, -0.78851, 0, 1, 0, 0.78851, 0, -0.615022, -40.097, 0.10009, 75.8598 )

[node name="grass_large226" parent="Scatter3D" instance=ExtResource( 6 )]
