[gd_scene load_steps=14 format=2]

[ext_resource path="res://scenes/frisbee.tscn" type="PackedScene" id=1]
[ext_resource path="res://scenes/player/Player.tscn" type="PackedScene" id=2]
[ext_resource path="res://scenes/parkgoer.tscn" type="PackedScene" id=3]
[ext_resource path="res://scenes/the_park/GUI.gd" type="Script" id=4]
[ext_resource path="res://assets/BlueButton.png" type="Texture" id=5]
[ext_resource path="res://addons/zylann.scatter/scatter3d.gd" type="Script" id=6]
[ext_resource path="res://resources/grass.tscn" type="PackedScene" id=7]
[ext_resource path="res://assets/OBJ_kenney_nature/grass.obj" type="ArrayMesh" id=8]

[sub_resource type="BoxShape" id=3]

[sub_resource type="CubeMesh" id=4]

[sub_resource type="SpatialMaterial" id=5]
albedo_color = Color( 0.235294, 0.572549, 0.0784314, 1 )

[sub_resource type="DynamicFontData" id=1]
font_path = "res://assets/fonts/Kenney Bold.ttf"

[sub_resource type="DynamicFont" id=2]
size = 12
font_data = SubResource( 1 )

[node name="Spatial" type="Spatial"]

[node name="ground" type="StaticBody" parent="."]

[node name="CollisionShape" type="CollisionShape" parent="ground"]
transform = Transform( 100, 0, 0, 0, 0.1, 0, 0, 0, 100, 0, 0, 0 )
shape = SubResource( 3 )

[node name="CSGMesh" type="CSGMesh" parent="ground/CollisionShape"]
mesh = SubResource( 4 )
material = SubResource( 5 )

[node name="Scatter3D" type="Spatial" parent="ground"]
script = ExtResource( 6 )

[node name="grass" type="MeshInstance" parent="ground/Scatter3D" instance=ExtResource( 7 )]
transform = Transform( -0.972646, 0, 0.232294, 0, 1, 0, -0.232294, 0, -0.972646, 0.71075, 0.100343, 0.399019 )
mesh = ExtResource( 8 )
material/0 = null

[node name="grass2" type="MeshInstance" parent="ground/Scatter3D" instance=ExtResource( 7 )]
transform = Transform( 0.672031, 0, -0.740523, 0, 1, 0, 0.740523, 0, 0.672031, 2.31926, 0.100148, 0.644964 )
mesh = ExtResource( 8 )
material/0 = null

[node name="grass3" type="MeshInstance" parent="ground/Scatter3D" instance=ExtResource( 7 )]
transform = Transform( 0.970256, 0, -0.242082, 0, 1, 0, 0.242082, 0, 0.970256, 6.76093, 0.100154, 4.58851 )
mesh = ExtResource( 8 )
material/0 = null

[node name="grass4" type="MeshInstance" parent="ground/Scatter3D" instance=ExtResource( 7 )]
transform = Transform( -0.568347, 0, -0.822789, 0, 1, 0, 0.822789, 0, -0.568347, 8.91528, 0.100153, 1.94857 )
mesh = ExtResource( 8 )
material/0 = null

[node name="grass5" type="MeshInstance" parent="ground/Scatter3D" instance=ExtResource( 7 )]
transform = Transform( -0.0525542, 0, 0.998618, 0, 1, 0, -0.998618, 0, -0.0525542, 5.52881, 0.100146, -4.28176 )
mesh = ExtResource( 8 )
material/0 = null

[node name="grass6" type="MeshInstance" parent="ground/Scatter3D" instance=ExtResource( 7 )]
transform = Transform( -0.804888, 0, 0.593427, 0, 1, 0, -0.593427, 0, -0.804888, 7.70196, 0.10015, -1.23384 )
mesh = ExtResource( 8 )
material/0 = null

[node name="grass7" type="MeshInstance" parent="ground/Scatter3D" instance=ExtResource( 7 )]
transform = Transform( 0.112936, 0, -0.993602, 0, 1, 0, 0.993602, 0, 0.112936, 7.81286, 0.100145, 11.2785 )
mesh = ExtResource( 8 )
material/0 = null

[node name="grass8" type="MeshInstance" parent="ground/Scatter3D" instance=ExtResource( 7 )]
transform = Transform( 0.969363, 0, 0.245631, 0, 1, 0, -0.245631, 0, 0.969363, 8.10093, 0.100143, 14.0653 )
mesh = ExtResource( 8 )
material/0 = null

[node name="grass9" type="MeshInstance" parent="ground/Scatter3D" instance=ExtResource( 7 )]
transform = Transform( -0.308075, 0, -0.951362, 0, 1, 0, 0.951362, 0, -0.308075, 8.0078, 0.10014, 19.9769 )
mesh = ExtResource( 8 )
material/0 = null

[node name="grass10" type="MeshInstance" parent="ground/Scatter3D" instance=ExtResource( 7 )]
transform = Transform( -0.314551, 0, 0.949241, 0, 1, 0, -0.949241, 0, -0.314551, 7.82267, 0.100138, 23.1199 )
mesh = ExtResource( 8 )
material/0 = null

[node name="grass11" type="MeshInstance" parent="ground/Scatter3D" instance=ExtResource( 7 )]
transform = Transform( -0.0414636, 0, 0.99914, 0, 1, 0, -0.99914, 0, -0.0414636, 6.48363, 0.100132, 28.3312 )
mesh = ExtResource( 8 )
material/0 = null

[node name="grass12" type="MeshInstance" parent="ground/Scatter3D" instance=ExtResource( 7 )]
transform = Transform( 0.927149, 0, 0.374693, 0, 1, 0, -0.374693, 0, 0.927149, 5.27815, 0.10013, 31.5641 )
mesh = ExtResource( 8 )
material/0 = null

[node name="grass13" type="MeshInstance" parent="ground/Scatter3D" instance=ExtResource( 7 )]
transform = Transform( 0.464837, 0, -0.885396, 0, 1, 0, 0.885396, 0, 0.464837, 2.84285, 0.100124, 36.8438 )
mesh = ExtResource( 8 )
material/0 = null

[node name="grass14" type="MeshInstance" parent="ground/Scatter3D" instance=ExtResource( 7 )]
transform = Transform( -0.722736, 0, 0.691124, 0, 1, 0, -0.691124, 0, -0.722736, 0.753336, 0.100121, 40.9776 )
mesh = ExtResource( 8 )
material/0 = null

[node name="grass15" type="MeshInstance" parent="ground/Scatter3D" instance=ExtResource( 7 )]
transform = Transform( -0.50479, 0, -0.863242, 0, 1, 0, 0.863242, 0, -0.50479, -1.48378, 0.100117, 45.0163 )
mesh = ExtResource( 8 )
material/0 = null

[node name="grass16" type="MeshInstance" parent="ground/Scatter3D" instance=ExtResource( 7 )]
transform = Transform( -0.726761, 0, 0.686891, 0, 1, 0, -0.686891, 0, -0.726761, -3.53177, 0.100113, 47.6274 )
mesh = ExtResource( 8 )
material/0 = null

[node name="grass17" type="MeshInstance" parent="ground/Scatter3D" instance=ExtResource( 7 )]
transform = Transform( -0.809595, 0, -0.586988, 0, 1, 0, 0.586988, 0, -0.809595, -7.01033, 0.100108, 51.1115 )
mesh = ExtResource( 8 )
material/0 = null

[node name="grass18" type="MeshInstance" parent="ground/Scatter3D" instance=ExtResource( 7 )]
transform = Transform( 0.992044, 0, -0.125892, 0, 1, 0, 0.125892, 0, 0.992044, -9.06684, 0.100104, 52.5195 )
mesh = ExtResource( 8 )
material/0 = null

[node name="grass19" type="MeshInstance" parent="ground/Scatter3D" instance=ExtResource( 7 )]
transform = Transform( 0.950247, 0, -0.311497, 0, 1, 0, 0.311497, 0, 0.950247, -14.5242, 0.100097, 56.679 )
mesh = ExtResource( 8 )
material/0 = null

[node name="grass20" type="MeshInstance" parent="ground/Scatter3D" instance=ExtResource( 7 )]
transform = Transform( 0.966725, 0, -0.255817, 0, 1, 0, 0.255817, 0, 0.966725, -17.5924, 0.100096, 57.8236 )
mesh = ExtResource( 8 )
material/0 = null

[node name="grass21" type="MeshInstance" parent="ground/Scatter3D" instance=ExtResource( 7 )]
transform = Transform( -0.017111, 0, -0.999854, 0, 1, 0, 0.999854, 0, -0.017111, -22.6308, 0.10009, 59.3019 )
mesh = ExtResource( 8 )
material/0 = null

[node name="grass22" type="MeshInstance" parent="ground/Scatter3D" instance=ExtResource( 7 )]
transform = Transform( 0.77546, 0, -0.631396, 0, 1, 0, 0.631396, 0, 0.77546, -24.9587, 0.100088, 58.7 )
mesh = ExtResource( 8 )
material/0 = null

[node name="grass23" type="MeshInstance" parent="ground/Scatter3D" instance=ExtResource( 7 )]
transform = Transform( 0.818696, 0, 0.574227, 0, 1, 0, -0.574227, 0, 0.818696, -29.0878, 0.100085, 57.5629 )
mesh = ExtResource( 8 )
material/0 = null

[node name="grass24" type="MeshInstance" parent="ground/Scatter3D" instance=ExtResource( 7 )]
transform = Transform( -0.833221, 0, 0.55294, 0, 1, 0, -0.55294, 0, -0.833221, -30.6213, 0.100084, 55.1835 )
mesh = ExtResource( 8 )
material/0 = null

[node name="grass25" type="MeshInstance" parent="ground/Scatter3D" instance=ExtResource( 7 )]
transform = Transform( 0.168264, 0, -0.985742, 0, 1, 0, 0.985742, 0, 0.168264, -32.9618, 0.100086, 51.5517 )
mesh = ExtResource( 8 )
material/0 = null

[node name="grass26" type="MeshInstance" parent="ground/Scatter3D" instance=ExtResource( 7 )]
transform = Transform( -0.998369, 0, 0.0570982, 0, 1, 0, -0.0570982, 0, -0.998369, -34.0917, 0.100085, 49.7984 )
mesh = ExtResource( 8 )
material/0 = null

[node name="grass27" type="MeshInstance" parent="ground/Scatter3D" instance=ExtResource( 7 )]
transform = Transform( 0.973351, 0, 0.229319, 0, 1, 0, -0.229319, 0, 0.973351, -34.8181, 0.100086, 48.6713 )
mesh = ExtResource( 8 )
material/0 = null

[node name="grass28" type="MeshInstance" parent="ground/Scatter3D" instance=ExtResource( 7 )]
transform = Transform( 0.205783, 0, -0.978598, 0, 1, 0, 0.978598, 0, 0.205783, -35.3023, 0.100085, 47.9199 )
mesh = ExtResource( 8 )
material/0 = null

[node name="grass29" type="MeshInstance" parent="ground/Scatter3D" instance=ExtResource( 7 )]
transform = Transform( -0.197463, 0, -0.98031, 0, 1, 0, 0.98031, 0, -0.197463, -35.4637, 0.100086, 47.6694 )
mesh = ExtResource( 8 )
material/0 = null

[node name="grass30" type="MeshInstance" parent="ground/Scatter3D" instance=ExtResource( 7 )]
transform = Transform( 0.996612, 0, -0.0822479, 0, 1, 0, 0.0822479, 0, 0.996612, -13.7444, 0.100117, 27.5157 )
mesh = ExtResource( 8 )
material/0 = null

[node name="grass31" type="MeshInstance" parent="ground/Scatter3D" instance=ExtResource( 7 )]
transform = Transform( -0.998523, 0, 0.0543283, 0, 1, 0, -0.0543283, 0, -0.998523, -13.9428, 0.100117, 27.7247 )
mesh = ExtResource( 8 )
material/0 = null

[node name="grass32" type="MeshInstance" parent="ground/Scatter3D" instance=ExtResource( 7 )]
transform = Transform( 0.997378, 0, 0.0723648, 0, 1, 0, -0.0723648, 0, 0.997378, -24.8869, 0.100109, 24.6547 )
mesh = ExtResource( 8 )
material/0 = null

[node name="grass33" type="MeshInstance" parent="ground/Scatter3D" instance=ExtResource( 7 )]
transform = Transform( -0.949707, 0, 0.31314, 0, 1, 0, -0.31314, 0, -0.949707, -25.1292, 0.100107, 25.5859 )
mesh = ExtResource( 8 )
material/0 = null

[node name="grass34" type="MeshInstance" parent="ground/Scatter3D" instance=ExtResource( 7 )]
transform = Transform( 0.573893, 0, -0.81893, 0, 1, 0, 0.81893, 0, 0.573893, -25.031, 0.100107, 26.4016 )
mesh = ExtResource( 8 )
material/0 = null

[node name="grass35" type="MeshInstance" parent="ground/Scatter3D" instance=ExtResource( 7 )]
transform = Transform( -0.508313, 0, 0.861172, 0, 1, 0, -0.861172, 0, -0.508313, -24.6142, 0.100107, 27.7182 )
mesh = ExtResource( 8 )
material/0 = null

[node name="grass36" type="MeshInstance" parent="ground/Scatter3D" instance=ExtResource( 7 )]
transform = Transform( -0.997714, 0, -0.0675825, 0, 1, 0, 0.0675825, 0, -0.997714, -23.6616, 0.100107, 29.1964 )
mesh = ExtResource( 8 )
material/0 = null

[node name="grass37" type="MeshInstance" parent="ground/Scatter3D" instance=ExtResource( 7 )]
transform = Transform( 0.384617, 0, 0.923076, 0, 1, 0, -0.923076, 0, 0.384617, -19.8407, 0.100109, 31.8407 )
mesh = ExtResource( 8 )
material/0 = null

[node name="grass38" type="MeshInstance" parent="ground/Scatter3D" instance=ExtResource( 7 )]
transform = Transform( -0.704048, 0, 0.710152, 0, 1, 0, -0.710152, 0, -0.704048, -16.938, 0.100111, 32.6071 )
mesh = ExtResource( 8 )
material/0 = null

[node name="grass39" type="MeshInstance" parent="ground/Scatter3D" instance=ExtResource( 7 )]
transform = Transform( -0.998268, 0, -0.0588336, 0, 1, 0, 0.0588336, 0, -0.998268, -3.24258, 0.100124, 30.1486 )
mesh = ExtResource( 8 )
material/0 = null

[node name="grass40" type="MeshInstance" parent="ground/Scatter3D" instance=ExtResource( 7 )]
transform = Transform( -0.609121, 0, -0.793077, 0, 1, 0, 0.793077, 0, -0.609121, 0.229834, 0.100134, 21.5594 )
mesh = ExtResource( 8 )
material/0 = null

[node name="grass41" type="MeshInstance" parent="ground/Scatter3D" instance=ExtResource( 7 )]
transform = Transform( 0.178107, 0, 0.984011, 0, 1, 0, -0.984011, 0, 0.178107, 0.175018, 0.100136, 13.9682 )
mesh = ExtResource( 8 )
material/0 = null

[node name="grass42" type="MeshInstance" parent="ground/Scatter3D" instance=ExtResource( 7 )]
transform = Transform( 0.522849, 0, 0.852425, 0, 1, 0, -0.852425, 0, 0.522849, 0.0199661, 0.100136, 14.2409 )
mesh = ExtResource( 8 )
material/0 = null

[node name="grass43" type="MeshInstance" parent="ground/Scatter3D" instance=ExtResource( 7 )]
transform = Transform( -0.978932, 0, 0.204187, 0, 1, 0, -0.204187, 0, -0.978932, -5.99701, 0.100112, 45.4815 )
mesh = ExtResource( 8 )
material/0 = null

[node name="grass44" type="MeshInstance" parent="ground/Scatter3D" instance=ExtResource( 7 )]
transform = Transform( -0.651211, 0, 0.758896, 0, 1, 0, -0.758896, 0, -0.651211, -7.11648, 0.100111, 46.6476 )
mesh = ExtResource( 8 )
material/0 = null

[node name="grass45" type="MeshInstance" parent="ground/Scatter3D" instance=ExtResource( 7 )]
transform = Transform( -0.894791, 0, -0.446485, 0, 1, 0, 0.446485, 0, -0.894791, -7.84983, 0.100109, 47.3174 )
mesh = ExtResource( 8 )
material/0 = null

[node name="grass46" type="MeshInstance" parent="ground/Scatter3D" instance=ExtResource( 7 )]
transform = Transform( 0.706445, 0, -0.707768, 0, 1, 0, 0.707768, 0, 0.706445, -8.53364, 0.100108, 47.4902 )
mesh = ExtResource( 8 )
material/0 = null

[node name="grass47" type="MeshInstance" parent="ground/Scatter3D" instance=ExtResource( 7 )]
transform = Transform( 0.7675, 0, 0.641049, 0, 1, 0, -0.641049, 0, 0.7675, -10.7084, 0.100106, 47.3058 )
mesh = ExtResource( 8 )
material/0 = null

[node name="grass48" type="MeshInstance" parent="ground/Scatter3D" instance=ExtResource( 7 )]
transform = Transform( 0.951108, 0, -0.308859, 0, 1, 0, 0.308859, 0, 0.951108, -14.8749, 0.100105, 43.5072 )
mesh = ExtResource( 8 )
material/0 = null

[node name="grass49" type="MeshInstance" parent="ground/Scatter3D" instance=ExtResource( 7 )]
transform = Transform( -0.644099, 0, -0.764942, 0, 1, 0, 0.764942, 0, -0.644099, -14.8339, 0.100105, 42.8942 )
mesh = ExtResource( 8 )
material/0 = null

[node name="grass50" type="MeshInstance" parent="ground/Scatter3D" instance=ExtResource( 7 )]
transform = Transform( 0.116124, 0, -0.993235, 0, 1, 0, 0.993235, 0, 0.116124, -14.9829, 0.100107, 41.9931 )
mesh = ExtResource( 8 )
material/0 = null

[node name="grass51" type="MeshInstance" parent="ground/Scatter3D" instance=ExtResource( 7 )]
transform = Transform( 0.716075, 0, -0.698023, 0, 1, 0, 0.698023, 0, 0.716075, -15.2344, 0.100107, 39.6323 )
mesh = ExtResource( 8 )
material/0 = null

[node name="grass52" type="MeshInstance" parent="ground/Scatter3D" instance=ExtResource( 7 )]
transform = Transform( -0.623907, 0, 0.781499, 0, 1, 0, -0.781499, 0, -0.623907, -10.4675, 0.100119, 27.6679 )
mesh = ExtResource( 8 )
material/0 = null

[node name="grass53" type="MeshInstance" parent="ground/Scatter3D" instance=ExtResource( 7 )]
transform = Transform( 0.0588857, 0, 0.998265, 0, 1, 0, -0.998265, 0, 0.0588857, -9.84175, 0.100121, 27.2381 )
mesh = ExtResource( 8 )
material/0 = null

[node name="grass54" type="MeshInstance" parent="ground/Scatter3D" instance=ExtResource( 7 )]
transform = Transform( -0.235519, 0, -0.97187, 0, 1, 0, 0.97187, 0, -0.235519, -8.26953, 0.100119, 26.5393 )
mesh = ExtResource( 8 )
material/0 = null

[node name="grass55" type="MeshInstance" parent="ground/Scatter3D" instance=ExtResource( 7 )]
transform = Transform( -0.491131, 0, -0.871086, 0, 1, 0, 0.871086, 0, -0.491131, -4.43116, 0.100126, 25.5568 )
mesh = ExtResource( 8 )
material/0 = null

[node name="grass56" type="MeshInstance" parent="ground/Scatter3D" instance=ExtResource( 7 )]
transform = Transform( 0.994196, 0, -0.107581, 0, 1, 0, 0.107581, 0, 0.994196, -6.634, 0.100122, 27.7852 )
mesh = ExtResource( 8 )
material/0 = null

[node name="grass57" type="MeshInstance" parent="ground/Scatter3D" instance=ExtResource( 7 )]
transform = Transform( -0.694593, 0, -0.719403, 0, 1, 0, 0.719403, 0, -0.694593, -21.0642, 0.100111, 28.6724 )
mesh = ExtResource( 8 )
material/0 = null

[node name="grass58" type="MeshInstance" parent="ground/Scatter3D" instance=ExtResource( 7 )]
transform = Transform( -0.886139, 0, -0.463419, 0, 1, 0, 0.463419, 0, -0.886139, -20.6839, 0.100109, 28.017 )
mesh = ExtResource( 8 )
material/0 = null

[node name="grass59" type="MeshInstance" parent="ground/Scatter3D" instance=ExtResource( 7 )]
transform = Transform( 0.990966, 0, -0.134113, 0, 1, 0, 0.134113, 0, 0.990966, -20.3709, 0.100111, 27.2804 )
mesh = ExtResource( 8 )
material/0 = null

[node name="grass60" type="MeshInstance" parent="ground/Scatter3D" instance=ExtResource( 7 )]
transform = Transform( 0.148658, 0, -0.988889, 0, 1, 0, 0.988889, 0, 0.148658, -20.1234, 0.100111, 26.465 )
mesh = ExtResource( 8 )
material/0 = null

[node name="grass61" type="MeshInstance" parent="ground/Scatter3D" instance=ExtResource( 7 )]
transform = Transform( -0.118289, 0, 0.992979, 0, 1, 0, -0.992979, 0, -0.118289, -19.8741, 0.100111, 23.9485 )
mesh = ExtResource( 8 )
material/0 = null

[node name="grass62" type="MeshInstance" parent="ground/Scatter3D" instance=ExtResource( 7 )]
transform = Transform( -0.173431, 0, 0.984846, 0, 1, 0, -0.984846, 0, -0.173431, -25.954, 0.100122, 2.69994 )
mesh = ExtResource( 8 )
material/0 = null

[node name="grass63" type="MeshInstance" parent="ground/Scatter3D" instance=ExtResource( 7 )]
transform = Transform( 0.998071, 0, 0.0620776, 0, 1, 0, -0.0620776, 0, 0.998071, -26.034, 0.100121, 3.0427 )
mesh = ExtResource( 8 )
material/0 = null

[node name="grass64" type="MeshInstance" parent="ground/Scatter3D" instance=ExtResource( 7 )]
transform = Transform( -0.554416, 0, 0.83224, 0, 1, 0, -0.83224, 0, -0.554416, -20.7642, 0.100115, 18.7179 )
mesh = ExtResource( 8 )
material/0 = null

[node name="grass65" type="MeshInstance" parent="ground/Scatter3D" instance=ExtResource( 7 )]
transform = Transform( 0.618989, 0, -0.7854, 0, 1, 0, 0.7854, 0, 0.618989, -13.0492, 0.100117, 25.0981 )
mesh = ExtResource( 8 )
material/0 = null

[node name="grass66" type="MeshInstance" parent="ground/Scatter3D" instance=ExtResource( 7 )]
transform = Transform( -0.304859, 0, -0.952398, 0, 1, 0, 0.952398, 0, -0.304859, -12.7817, 0.100119, 24.5518 )
mesh = ExtResource( 8 )
material/0 = null

[node name="grass67" type="MeshInstance" parent="ground/Scatter3D" instance=ExtResource( 7 )]
transform = Transform( 0.139929, 0, 0.990162, 0, 1, 0, -0.990162, 0, 0.139929, -12.7028, 0.100119, 24.1994 )
mesh = ExtResource( 8 )
material/0 = null

[node name="grass68" type="MeshInstance" parent="ground/Scatter3D" instance=ExtResource( 7 )]
transform = Transform( -0.964689, 0, -0.263391, 0, 1, 0, 0.263391, 0, -0.964689, -12.8625, 0.100121, 23.9516 )
mesh = ExtResource( 8 )
material/0 = null

[node name="grass69" type="MeshInstance" parent="ground/Scatter3D" instance=ExtResource( 7 )]
transform = Transform( -0.209888, 0, -0.977726, 0, 1, 0, 0.977726, 0, -0.209888, -13.3947, 0.100119, 23.1258 )
mesh = ExtResource( 8 )
material/0 = null

[node name="grass70" type="MeshInstance" parent="ground/Scatter3D" instance=ExtResource( 7 )]
transform = Transform( 0.31116, 0, 0.950358, 0, 1, 0, -0.950358, 0, 0.31116, -24.8012, 0.100122, 3.56628 )
mesh = ExtResource( 8 )
material/0 = null

[node name="grass71" type="MeshInstance" parent="ground/Scatter3D" instance=ExtResource( 7 )]
transform = Transform( 0.379433, 0, 0.925219, 0, 1, 0, -0.925219, 0, 0.379433, -24.3933, 0.100117, 12.0301 )
mesh = ExtResource( 8 )
material/0 = null

[node name="grass72" type="MeshInstance" parent="ground/Scatter3D" instance=ExtResource( 7 )]
transform = Transform( -0.601776, 0, 0.798665, 0, 1, 0, -0.798665, 0, -0.601776, -24.8893, 0.100117, 12.3171 )
mesh = ExtResource( 8 )
material/0 = null

[node name="grass73" type="MeshInstance" parent="ground/Scatter3D" instance=ExtResource( 7 )]
transform = Transform( 0.685634, 0, 0.727946, 0, 1, 0, -0.727946, 0, 0.685634, -25.707, 0.100117, 12.6685 )
mesh = ExtResource( 8 )
material/0 = null

[node name="grass74" type="MeshInstance" parent="ground/Scatter3D" instance=ExtResource( 7 )]
transform = Transform( 0.274705, 0, 0.961529, 0, 1, 0, -0.961529, 0, 0.274705, -26.226, 0.100115, 12.9678 )
mesh = ExtResource( 8 )
material/0 = null

[node name="grass75" type="MeshInstance" parent="ground/Scatter3D" instance=ExtResource( 7 )]
transform = Transform( 0.582082, 0, -0.81313, 0, 1, 0, 0.81313, 0, 0.582082, -27.5278, 0.100115, 13.2176 )
mesh = ExtResource( 8 )
material/0 = null

[node name="grass76" type="MeshInstance" parent="ground/Scatter3D" instance=ExtResource( 7 )]
transform = Transform( 0.955487, 0, 0.295032, 0, 1, 0, -0.295032, 0, 0.955487, -27.3736, 0.100113, 12.8816 )
mesh = ExtResource( 8 )
material/0 = null

[node name="grass77" type="MeshInstance" parent="ground/Scatter3D" instance=ExtResource( 7 )]
transform = Transform( 0.430227, 0, 0.902721, 0, 1, 0, -0.902721, 0, 0.430227, -26.9533, 0.100115, 12.3989 )
mesh = ExtResource( 8 )
material/0 = null

[node name="grass78" type="MeshInstance" parent="ground/Scatter3D" instance=ExtResource( 7 )]
transform = Transform( -0.99252, 0, -0.122082, 0, 1, 0, 0.122082, 0, -0.99252, -25.8216, 0.100115, 11.4057 )
mesh = ExtResource( 8 )
material/0 = null

[node name="grass79" type="MeshInstance" parent="ground/Scatter3D" instance=ExtResource( 7 )]
transform = Transform( -0.933842, 0, -0.357686, 0, 1, 0, 0.357686, 0, -0.933842, -23.4506, 0.100119, 8.95835 )
mesh = ExtResource( 8 )
material/0 = null

[node name="grass80" type="MeshInstance" parent="ground/Scatter3D" instance=ExtResource( 7 )]
transform = Transform( 0.996889, 0, 0.0788243, 0, 1, 0, -0.0788243, 0, 0.996889, 23.3463, 0.100025, 44.2953 )
mesh = ExtResource( 8 )
material/0 = null

[node name="grass81" type="MeshInstance" parent="ground/Scatter3D" instance=ExtResource( 7 )]
transform = Transform( -0.446007, 0, 0.895029, 0, 1, 0, -0.895029, 0, -0.446007, 30.0054, 0.100033, 17.3432 )
mesh = ExtResource( 8 )
material/0 = null

[node name="grass82" type="MeshInstance" parent="ground/Scatter3D" instance=ExtResource( 7 )]
transform = Transform( 0.499793, 0, 0.866145, 0, 1, 0, -0.866145, 0, 0.499793, 29.8491, 0.100037, 13.9293 )
mesh = ExtResource( 8 )
material/0 = null

[node name="grass83" type="MeshInstance" parent="ground/Scatter3D" instance=ExtResource( 7 )]
transform = Transform( -0.981311, 0, 0.192428, 0, 1, 0, -0.192428, 0, -0.981311, 29.1064, 0.100029, 8.20762 )
mesh = ExtResource( 8 )
material/0 = null

[node name="grass84" type="MeshInstance" parent="ground/Scatter3D" instance=ExtResource( 7 )]
transform = Transform( -0.998558, 0, -0.0536776, 0, 1, 0, 0.0536776, 0, -0.998558, 26.1412, 0.100033, 1.02998 )
mesh = ExtResource( 8 )
material/0 = null

[node name="grass85" type="MeshInstance" parent="ground/Scatter3D" instance=ExtResource( 7 )]
transform = Transform( -0.939236, 0, -0.343273, 0, 1, 0, 0.343273, 0, -0.939236, 41.9712, 0.100025, 10.8409 )
mesh = ExtResource( 8 )
material/0 = null

[node name="grass86" type="MeshInstance" parent="ground/Scatter3D" instance=ExtResource( 7 )]
transform = Transform( -0.961027, 0, 0.276453, 0, 1, 0, -0.276453, 0, -0.961027, 41.7972, 0.100037, 11.5286 )
mesh = ExtResource( 8 )
material/0 = null

[node name="grass87" type="MeshInstance" parent="ground/Scatter3D" instance=ExtResource( 7 )]
transform = Transform( -0.904883, 0, -0.42566, 0, 1, 0, 0.42566, 0, -0.904883, 41.6206, 0.100037, 12.3961 )
mesh = ExtResource( 8 )
material/0 = null

[node name="grass88" type="MeshInstance" parent="ground/Scatter3D" instance=ExtResource( 7 )]
transform = Transform( 0.704904, 0, -0.709303, 0, 1, 0, 0.709303, 0, 0.704904, 41.2065, 0.100033, 13.4313 )
mesh = ExtResource( 8 )
material/0 = null

[node name="grass89" type="MeshInstance" parent="ground/Scatter3D" instance=ExtResource( 7 )]
transform = Transform( 0.59469, 0, -0.803955, 0, 1, 0, 0.803955, 0, 0.59469, 33.5242, 0.100025, 23.0542 )
mesh = ExtResource( 8 )
material/0 = null

[node name="grass90" type="MeshInstance" parent="ground/Scatter3D" instance=ExtResource( 7 )]
transform = Transform( -0.0771603, 0, -0.997019, 0, 1, 0, 0.997019, 0, -0.0771603, 33.0175, 0.100037, 23.0271 )
mesh = ExtResource( 8 )
material/0 = null

[node name="grass91" type="MeshInstance" parent="ground/Scatter3D" instance=ExtResource( 7 )]
transform = Transform( -0.774044, 0, 0.633132, 0, 1, 0, -0.633132, 0, -0.774044, 32.7704, 0.100033, 22.8989 )
mesh = ExtResource( 8 )
material/0 = null

[node name="grass92" type="MeshInstance" parent="ground/Scatter3D" instance=ExtResource( 7 )]
transform = Transform( -0.998083, 0, 0.0618865, 0, 1, 0, -0.0618865, 0, -0.998083, 32.4645, 0.100025, 22.6806 )
mesh = ExtResource( 8 )
material/0 = null

[node name="grass93" type="MeshInstance" parent="ground/Scatter3D" instance=ExtResource( 7 )]
transform = Transform( 0.999337, 0, 0.0364097, 0, 1, 0, -0.0364097, 0, 0.999337, 24.0544, 0.100033, 16.1165 )
mesh = ExtResource( 8 )
material/0 = null

[node name="grass94" type="MeshInstance" parent="ground/Scatter3D" instance=ExtResource( 7 )]
transform = Transform( 0.25687, 0, 0.966446, 0, 1, 0, -0.966446, 0, 0.25687, 9.89333, 0.100033, 29.6329 )
mesh = ExtResource( 8 )
material/0 = null

[node name="grass95" type="MeshInstance" parent="ground/Scatter3D" instance=ExtResource( 7 )]
transform = Transform( -0.947272, 0, -0.32043, 0, 1, 0, 0.32043, 0, -0.947272, 7.20592, 0.100025, 33.6908 )
mesh = ExtResource( 8 )
material/0 = null

[node name="grass96" type="MeshInstance" parent="ground/Scatter3D" instance=ExtResource( 7 )]
transform = Transform( -0.764814, 0, -0.644251, 0, 1, 0, 0.644251, 0, -0.764814, 18.3719, 0.100029, 16.4324 )
mesh = ExtResource( 8 )
material/0 = null

[node name="grass97" type="MeshInstance" parent="ground/Scatter3D" instance=ExtResource( 7 )]
transform = Transform( 0.666362, 0, -0.745629, 0, 1, 0, 0.745629, 0, 0.666362, 19.4291, 0.100037, 12.7456 )
mesh = ExtResource( 8 )
material/0 = null

[node name="grass98" type="MeshInstance" parent="ground/Scatter3D" instance=ExtResource( 7 )]
transform = Transform( -0.99906, 0, 0.0433544, 0, 1, 0, -0.0433544, 0, -0.99906, 20.3186, 0.100029, 10.8912 )
mesh = ExtResource( 8 )
material/0 = null

[node name="grass99" type="MeshInstance" parent="ground/Scatter3D" instance=ExtResource( 7 )]
transform = Transform( -0.791254, 0, 0.611488, 0, 1, 0, -0.611488, 0, -0.791254, 21.2853, 0.100037, 9.30922 )
mesh = ExtResource( 8 )
material/0 = null

[node name="grass100" type="MeshInstance" parent="ground/Scatter3D" instance=ExtResource( 7 )]
transform = Transform( 0.744427, 0, -0.667703, 0, 1, 0, 0.667703, 0, 0.744427, 28.7954, 0.100033, 2.88672 )
mesh = ExtResource( 8 )
material/0 = null

[node name="grass101" type="MeshInstance" parent="ground/Scatter3D" instance=ExtResource( 7 )]
transform = Transform( -0.752737, 0, -0.658322, 0, 1, 0, 0.658322, 0, -0.752737, 29.1242, 0.100033, 3.19576 )
mesh = ExtResource( 8 )
material/0 = null

[node name="grass102" type="MeshInstance" parent="ground/Scatter3D" instance=ExtResource( 7 )]
transform = Transform( 0.91106, 0, 0.412273, 0, 1, 0, -0.412273, 0, 0.91106, 29.4089, 0.100033, 3.83864 )
mesh = ExtResource( 8 )
material/0 = null

[node name="grass103" type="MeshInstance" parent="ground/Scatter3D" instance=ExtResource( 7 )]
transform = Transform( 0.435571, 0, -0.900154, 0, 1, 0, 0.900154, 0, 0.435571, 29.4853, 0.100033, 5.17943 )
mesh = ExtResource( 8 )
material/0 = null

[node name="grass104" type="MeshInstance" parent="ground/Scatter3D" instance=ExtResource( 7 )]
transform = Transform( -0.759125, 0, -0.650945, 0, 1, 0, 0.650945, 0, -0.759125, 29.2106, 0.100029, 29.7564 )
mesh = ExtResource( 8 )
material/0 = null

[node name="grass105" type="MeshInstance" parent="ground/Scatter3D" instance=ExtResource( 7 )]
transform = Transform( 0.453657, 0, 0.891176, 0, 1, 0, -0.891176, 0, 0.453657, 28.185, 0.100025, 31.0106 )
mesh = ExtResource( 8 )
material/0 = null

[node name="grass106" type="MeshInstance" parent="ground/Scatter3D" instance=ExtResource( 7 )]
transform = Transform( 0.76941, 0, -0.638755, 0, 1, 0, 0.638755, 0, 0.76941, 27.4115, 0.100033, 31.7746 )
mesh = ExtResource( 8 )
material/0 = null

[node name="grass107" type="MeshInstance" parent="ground/Scatter3D" instance=ExtResource( 7 )]
transform = Transform( -0.154047, 0, 0.988063, 0, 1, 0, -0.988063, 0, -0.154047, 26.5174, 0.100025, 32.0673 )
mesh = ExtResource( 8 )
material/0 = null

[node name="grass108" type="MeshInstance" parent="ground/Scatter3D" instance=ExtResource( 7 )]
transform = Transform( -0.00731907, 0, -0.999973, 0, 1, 0, 0.999973, 0, -0.00731907, 24.4185, 0.100029, 30.8805 )
mesh = ExtResource( 8 )
material/0 = null

[node name="grass109" type="MeshInstance" parent="ground/Scatter3D" instance=ExtResource( 7 )]
transform = Transform( -0.831066, 0, -0.556173, 0, 1, 0, 0.556173, 0, -0.831066, 15.4296, 0.100033, 19.7881 )
mesh = ExtResource( 8 )
material/0 = null

[node name="grass110" type="MeshInstance" parent="ground/Scatter3D" instance=ExtResource( 7 )]
transform = Transform( -0.72733, 0, -0.686288, 0, 1, 0, 0.686288, 0, -0.72733, 15.2235, 0.100033, 19.4682 )
mesh = ExtResource( 8 )
material/0 = null

[node name="grass111" type="MeshInstance" parent="ground/Scatter3D" instance=ExtResource( 7 )]
transform = Transform( 0.755375, 0, 0.655292, 0, 1, 0, -0.655292, 0, 0.755375, 15.086, 0.100033, 19.2549 )
mesh = ExtResource( 8 )
material/0 = null

[node name="grass112" type="MeshInstance" parent="ground/Scatter3D" instance=ExtResource( 7 )]
transform = Transform( 0.91794, 0, -0.39672, 0, 1, 0, 0.39672, 0, 0.91794, 14.4069, 0.100029, 19.3013 )
mesh = ExtResource( 8 )
material/0 = null

[node name="grass113" type="MeshInstance" parent="ground/Scatter3D" instance=ExtResource( 7 )]
transform = Transform( -0.155553, 0, 0.987827, 0, 1, 0, -0.987827, 0, -0.155553, 15.0343, 0.100033, 20.6452 )
mesh = ExtResource( 8 )
material/0 = null

[node name="grass114" type="MeshInstance" parent="ground/Scatter3D" instance=ExtResource( 7 )]
transform = Transform( 0.608086, 0, -0.793871, 0, 1, 0, 0.793871, 0, 0.608086, 16.8566, 0.100033, 24.2193 )
mesh = ExtResource( 8 )
material/0 = null

[node name="grass115" type="MeshInstance" parent="ground/Scatter3D" instance=ExtResource( 7 )]
transform = Transform( 0.72182, 0, -0.692081, 0, 1, 0, 0.692081, 0, 0.72182, 18.9671, 0.100029, 33.7471 )
mesh = ExtResource( 8 )
material/0 = null

[node name="grass116" type="MeshInstance" parent="ground/Scatter3D" instance=ExtResource( 7 )]
transform = Transform( 0.928873, 0, 0.370399, 0, 1, 0, -0.370399, 0, 0.928873, 21.3822, 0.100029, 45.1865 )
mesh = ExtResource( 8 )
material/0 = null

[node name="grass117" type="MeshInstance" parent="ground/Scatter3D" instance=ExtResource( 7 )]
transform = Transform( -0.877565, 0, 0.479458, 0, 1, 0, -0.479458, 0, -0.877565, 21.5883, 0.100025, 45.059 )
mesh = ExtResource( 8 )
material/0 = null

[node name="grass118" type="MeshInstance" parent="ground/Scatter3D" instance=ExtResource( 7 )]
transform = Transform( -0.917017, 0, -0.398849, 0, 1, 0, 0.398849, 0, -0.917017, 22.4016, 0.100029, 44.5563 )
mesh = ExtResource( 8 )
material/0 = null

[node name="grass119" type="MeshInstance" parent="ground/Scatter3D" instance=ExtResource( 7 )]
transform = Transform( -0.11682, 0, 0.993153, 0, 1, 0, -0.993153, 0, -0.11682, 23.0747, 0.100029, 44.3021 )
mesh = ExtResource( 8 )
material/0 = null

[node name="grass120" type="MeshInstance" parent="ground/Scatter3D" instance=ExtResource( 7 )]
transform = Transform( -0.707524, 0, -0.706689, 0, 1, 0, 0.706689, 0, -0.707524, 24.0047, 0.100029, 44.0459 )
mesh = ExtResource( 8 )
material/0 = null

[node name="grass121" type="MeshInstance" parent="ground/Scatter3D" instance=ExtResource( 7 )]
transform = Transform( 0.144385, 0, 0.989522, 0, 1, 0, -0.989522, 0, 0.144385, 33.3306, 0.100033, 36.1493 )
mesh = ExtResource( 8 )
material/0 = null

[node name="grass122" type="MeshInstance" parent="ground/Scatter3D" instance=ExtResource( 7 )]
transform = Transform( 0.0600173, 0, 0.998197, 0, 1, 0, -0.998197, 0, 0.0600173, 35.0287, 0.100029, 32.2974 )
mesh = ExtResource( 8 )
material/0 = null

[node name="grass123" type="MeshInstance" parent="ground/Scatter3D" instance=ExtResource( 7 )]
transform = Transform( -0.913271, 0, 0.407353, 0, 1, 0, -0.407353, 0, -0.913271, 36.1275, 0.100033, 29.1394 )
mesh = ExtResource( 8 )
material/0 = null

[node name="grass124" type="MeshInstance" parent="ground/Scatter3D" instance=ExtResource( 7 )]
transform = Transform( 0.734974, 0, -0.678095, 0, 1, 0, 0.678095, 0, 0.734974, 36.5503, 0.100033, 26.2593 )
mesh = ExtResource( 8 )
material/0 = null

[node name="grass125" type="MeshInstance" parent="ground/Scatter3D" instance=ExtResource( 7 )]
transform = Transform( -0.999998, 0, 0.00203672, 0, 1, 0, -0.00203672, 0, -0.999998, 36.5923, 0.100033, 22.292 )
mesh = ExtResource( 8 )
material/0 = null

[node name="grass126" type="MeshInstance" parent="ground/Scatter3D" instance=ExtResource( 7 )]
transform = Transform( -0.0451333, 0, 0.998981, 0, 1, 0, -0.998981, 0, -0.0451333, 36.1937, 0.100037, 17.0496 )
mesh = ExtResource( 8 )
material/0 = null

[node name="grass127" type="MeshInstance" parent="ground/Scatter3D" instance=ExtResource( 7 )]
transform = Transform( 0.475452, 0, -0.879742, 0, 1, 0, 0.879742, 0, 0.475452, 33.141, 0.100033, 4.26575 )
mesh = ExtResource( 8 )
material/0 = null

[node name="grass128" type="MeshInstance" parent="ground/Scatter3D" instance=ExtResource( 7 )]
transform = Transform( 0.281051, 0, -0.959693, 0, 1, 0, 0.959693, 0, 0.281051, 33.4375, 0.100033, 4.00233 )
mesh = ExtResource( 8 )
material/0 = null

[node name="grass129" type="MeshInstance" parent="ground/Scatter3D" instance=ExtResource( 7 )]
transform = Transform( -0.954938, 0, 0.296807, 0, 1, 0, -0.296807, 0, -0.954938, 34.0055, 0.10004, 4.34743 )
mesh = ExtResource( 8 )
material/0 = null

[node name="grass130" type="MeshInstance" parent="ground/Scatter3D" instance=ExtResource( 7 )]
transform = Transform( -0.340915, 0, 0.940094, 0, 1, 0, -0.940094, 0, -0.340915, 10.6566, 0.100029, 53.3426 )
mesh = ExtResource( 8 )
material/0 = null

[node name="grass131" type="MeshInstance" parent="ground/Scatter3D" instance=ExtResource( 7 )]
transform = Transform( -0.756028, 0, 0.65454, 0, 1, 0, -0.65454, 0, -0.756028, 9.45296, 0.100029, 54.4987 )
mesh = ExtResource( 8 )
material/0 = null

[node name="grass132" type="MeshInstance" parent="ground/Scatter3D" instance=ExtResource( 7 )]
transform = Transform( 0.464864, 0, 0.885382, 0, 1, 0, -0.885382, 0, 0.464864, 8.88872, 0.100029, 54.8601 )
mesh = ExtResource( 8 )
material/0 = null

[node name="grass133" type="MeshInstance" parent="ground/Scatter3D" instance=ExtResource( 7 )]
transform = Transform( -0.294387, 0, -0.955686, 0, 1, 0, 0.955686, 0, -0.294387, 8.61912, 0.100025, 54.4418 )
mesh = ExtResource( 8 )
material/0 = null

[node name="grass134" type="MeshInstance" parent="ground/Scatter3D" instance=ExtResource( 7 )]
transform = Transform( -0.644888, 0, 0.764277, 0, 1, 0, -0.764277, 0, -0.644888, 5.32003, 0.100021, 48.7022 )
mesh = ExtResource( 8 )
material/0 = null

[node name="grass135" type="MeshInstance" parent="ground/Scatter3D" instance=ExtResource( 7 )]
transform = Transform( 0.885585, 0, -0.464478, 0, 1, 0, 0.464478, 0, 0.885585, 18.8182, 0.100025, 44.4089 )
mesh = ExtResource( 8 )
material/0 = null

[node name="grass136" type="MeshInstance" parent="ground/Scatter3D" instance=ExtResource( 7 )]
transform = Transform( 0.294716, 0, 0.955585, 0, 1, 0, -0.955585, 0, 0.294716, 21.2404, 0.100029, 46.7803 )
mesh = ExtResource( 8 )
material/0 = null

[node name="grass137" type="MeshInstance" parent="ground/Scatter3D" instance=ExtResource( 7 )]
transform = Transform( 0.143801, 0, -0.989607, 0, 1, 0, 0.989607, 0, 0.143801, 29.2146, 0.100029, 46.849 )
mesh = ExtResource( 8 )
material/0 = null

[node name="grass138" type="MeshInstance" parent="ground/Scatter3D" instance=ExtResource( 7 )]
transform = Transform( -0.774648, 0, 0.632393, 0, 1, 0, -0.632393, 0, -0.774648, 29.7303, 0.100025, 46.4804 )
mesh = ExtResource( 8 )
material/0 = null

[node name="grass139" type="MeshInstance" parent="ground/Scatter3D" instance=ExtResource( 7 )]
transform = Transform( -0.828749, 0, 0.55962, 0, 1, 0, -0.55962, 0, -0.828749, 30.1679, 0.100025, 46.0083 )
mesh = ExtResource( 8 )
material/0 = null

[node name="grass140" type="MeshInstance" parent="ground/Scatter3D" instance=ExtResource( 7 )]
transform = Transform( -0.459367, 0, 0.888247, 0, 1, 0, -0.888247, 0, -0.459367, 35.5235, 0.100037, 30.0492 )
mesh = ExtResource( 8 )
material/0 = null

[node name="grass141" type="MeshInstance" parent="ground/Scatter3D" instance=ExtResource( 7 )]
transform = Transform( 0.583217, 0, 0.812316, 0, 1, 0, -0.812316, 0, 0.583217, 35.5933, 0.100037, 28.5711 )
mesh = ExtResource( 8 )
material/0 = null

[node name="grass142" type="MeshInstance" parent="ground/Scatter3D" instance=ExtResource( 7 )]
transform = Transform( 0.325885, 0, -0.945409, 0, 1, 0, 0.945409, 0, 0.325885, 35.6276, 0.100037, 27.8459 )
mesh = ExtResource( 8 )
material/0 = null

[node name="grass143" type="MeshInstance" parent="ground/Scatter3D" instance=ExtResource( 7 )]
transform = Transform( 0.610098, 0, 0.792326, 0, 1, 0, -0.792326, 0, 0.610098, 35.6039, 0.100033, 27.0405 )
mesh = ExtResource( 8 )
material/0 = null

[node name="grass144" type="MeshInstance" parent="ground/Scatter3D" instance=ExtResource( 7 )]
transform = Transform( -0.999664, 0, 0.0259246, 0, 1, 0, -0.0259246, 0, -0.999664, 35.4547, 0.100029, 26.3019 )
mesh = ExtResource( 8 )
material/0 = null

[node name="grass145" type="MeshInstance" parent="ground/Scatter3D" instance=ExtResource( 7 )]
transform = Transform( -0.913529, 0, -0.406775, 0, 1, 0, 0.406775, 0, -0.913529, 22.7282, 0.100029, 23.1919 )
mesh = ExtResource( 8 )
material/0 = null

[node name="grass146" type="MeshInstance" parent="ground/Scatter3D" instance=ExtResource( 7 )]
transform = Transform( 0.9785, 0, -0.206247, 0, 1, 0, 0.206247, 0, 0.9785, 23.0691, 0.10004, 22.1106 )
mesh = ExtResource( 8 )
material/0 = null

[node name="grass147" type="MeshInstance" parent="ground/Scatter3D" instance=ExtResource( 7 )]
transform = Transform( 0.879951, 0, 0.475064, 0, 1, 0, -0.475064, 0, 0.879951, 36.5201, 0.100006, -13.6369 )
mesh = ExtResource( 8 )
material/0 = null

[node name="grass148" type="MeshInstance" parent="ground/Scatter3D" instance=ExtResource( 7 )]
transform = Transform( -0.999551, 0, 0.0299604, 0, 1, 0, -0.0299604, 0, -0.999551, 37.4266, 0.100006, -13.4215 )
mesh = ExtResource( 8 )
material/0 = null

[node name="grass149" type="MeshInstance" parent="ground/Scatter3D" instance=ExtResource( 7 )]
transform = Transform( -0.999459, 0, 0.032896, 0, 1, 0, -0.032896, 0, -0.999459, 39.0164, 0.100014, -13.2969 )
mesh = ExtResource( 8 )
material/0 = null

[node name="grass150" type="MeshInstance" parent="ground/Scatter3D" instance=ExtResource( 7 )]
transform = Transform( -0.550106, 0, -0.835095, 0, 1, 0, 0.835095, 0, -0.550106, 40.7668, 0.100018, -13.9973 )
mesh = ExtResource( 8 )
material/0 = null

[node name="grass151" type="MeshInstance" parent="ground/Scatter3D" instance=ExtResource( 7 )]
transform = Transform( 0.693268, 0, 0.720679, 0, 1, 0, -0.720679, 0, 0.693268, 41.558, 0.100006, -14.6192 )
mesh = ExtResource( 8 )
material/0 = null

[node name="grass152" type="MeshInstance" parent="ground/Scatter3D" instance=ExtResource( 7 )]
transform = Transform( -0.683536, 0, -0.729917, 0, 1, 0, 0.729917, 0, -0.683536, 42.3921, 0.10001, -16.5703 )
mesh = ExtResource( 8 )
material/0 = null

[node name="grass153" type="MeshInstance" parent="ground/Scatter3D" instance=ExtResource( 7 )]
transform = Transform( -0.121034, 0, 0.992648, 0, 1, 0, -0.992648, 0, -0.121034, 42.0197, 0.100014, -19.2541 )
mesh = ExtResource( 8 )
material/0 = null

[node name="grass154" type="MeshInstance" parent="ground/Scatter3D" instance=ExtResource( 7 )]
transform = Transform( -0.61743, 0, 0.786625, 0, 1, 0, -0.786625, 0, -0.61743, 41.106, 0.10001, -20.6719 )
mesh = ExtResource( 8 )
material/0 = null

[node name="grass155" type="MeshInstance" parent="ground/Scatter3D" instance=ExtResource( 7 )]
transform = Transform( 0.587547, 0, 0.80919, 0, 1, 0, -0.80919, 0, 0.587547, 40.3115, 0.100014, -21.5567 )
mesh = ExtResource( 8 )
material/0 = null

[node name="grass156" type="MeshInstance" parent="ground/Scatter3D" instance=ExtResource( 7 )]
transform = Transform( -0.854417, 0, 0.519588, 0, 1, 0, -0.519588, 0, -0.854417, 37.8697, 0.10001, -22.1583 )
mesh = ExtResource( 8 )
material/0 = null

[node name="grass157" type="MeshInstance" parent="ground/Scatter3D" instance=ExtResource( 7 )]
